 Nguyen-5'_0_0,None,tensor(0.),<bound method Expression.r2 of <Expression.Expression object at 0x7f61f037f790>>
 Nguyen-5'_0_1,x**4 + 2*x,tensor(0.0687),-182.7697045181031
 Nguyen-5'_0_2,None,tensor(0.),<bound method Expression.r2 of <Expression.Expression object at 0x7f61f04dcd00>>
 Nguyen-5'_0_3,None,tensor(0.),<bound method Expression.r2 of <Expression.Expression object at 0x7f62700eb610>>
 Nguyen-5'_0_4,None,tensor(0.),<bound method Expression.r2 of <Expression.Expression object at 0x7f62700eb0d0>>
 Nguyen-5'_0_5,-3*atanh(x),tensor(0.0463),-423.2438869886259
 Nguyen-5'_0_6,log(2*x**2),tensor(0.0806),-129.24957838770908
 Nguyen-5'_0_7,None,tensor(0.),<bound method Expression.r2 of <Expression.Expression object at 0x7f6228172880>>
 Nguyen-5'_0_8,None,tensor(0.),<bound method Expression.r2 of <Expression.Expression object at 0x7f61eb07c7c0>>
 Nguyen-5'_0_9,None,tensor(0.),<bound method Expression.r2 of <Expression.Expression object at 0x7f61eb07cd90>>
 Nguyen-5'_0_10,0,tensor(0.),0
 Nguyen-5'_0_11,x*(x + tan(6)),tensor(0.0704),-173.56153583889989
 Nguyen-5'_0_12,x*(4*x + 4),tensor(0.0405),-559.5806579452036
 Nguyen-5'_0_13,-x + 2*exp(x),tensor(0.0379),-643.4117292033542
 Nguyen-5'_0_14,x**3*cos(x) + 3*x,tensor(0.0596),-248.40093047731887
 Nguyen-5'_0_15,None,tensor(0.),<bound method Expression.r2 of <Expression.Expression object at 0x7f62280b4160>>
 Nguyen-5'_0_16,None,tensor(0.),<bound method Expression.r2 of <Expression.Expression object at 0x7f61f05c5a60>>
 Nguyen-5'_0_17,6*x**5,tensor(0.0625),-224.2471553174441
 Nguyen-5'_0_18,x - sin(x),tensor(0.0843),-117.02683361106206
 Nguyen-5'_0_19,None,tensor(0.),<bound method Expression.r2 of <Expression.Expression object at 0x7f623017d310>>
 Nguyen-5'_0_20,x*(x + sin(x)),tensor(0.0618),-229.74854762222046
 Nguyen-5'_0_21,None,tensor(0.),<bound method Expression.r2 of <Expression.Expression object at 0x7f61eb17edc0>>
 Nguyen-5'_0_22,cos(x) + 2,tensor(0.0341),-801.8682765848458
 Nguyen-5'_0_23,None,tensor(0.),<bound method Expression.r2 of <Expression.Expression object at 0x7f61eb0b6700>>
 Nguyen-5'_0_24,None,tensor(0.),<bound method Expression.r2 of <Expression.Expression object at 0x7f61f0297b50>>
 Nguyen-5'_0_25,-x + log(2*x),tensor(0.),0
 Nguyen-5'_0_26,x**2*exp(5),tensor(0.0023),-184650.71265811226
 Nguyen-5'_0_27,x**3*(x + cos(x)),tensor(0.0762),-145.9094234357464
 Nguyen-5'_0_28,x*(x**2 + sin(x)),tensor(0.0725),-162.70517187527582
 Nguyen-5'_0_29,None,tensor(0.),<bound method Expression.r2 of <Expression.Expression object at 0x7f61f03f0f10>>
 Nguyen-5'_0_30,None,tensor(0.),<bound method Expression.r2 of <Expression.Expression object at 0x7f6270139160>>
 Nguyen-5'_0_31,1/log(x),tensor(0.),0
 Nguyen-5'_0_32,x**2 - x/2,tensor(0.0696),-177.90863362891258
 Nguyen-5'_0_33,-x**2,tensor(0.0989),-81.996650164788
 Nguyen-5'_0_34,x/(x + 2),tensor(0.0880),-106.48110239066546
 Nguyen-5'_0_35,None,tensor(0.),<bound method Expression.r2 of <Expression.Expression object at 0x7f623013bd90>>
 Nguyen-5'_0_36,x*acos(4),tensor(0.),0
 Nguyen-5'_0_37,x*(x + sin(x) + 2),tensor(0.0585),-257.666796030285
 Nguyen-5'_0_38,x - tanh(x),tensor(0.0844),-116.77854134886294
 Nguyen-5'_0_39,None,tensor(0.),<bound method Expression.r2 of <Expression.Expression object at 0x7f61f01b4970>>
 Nguyen-5'_0_40,None,tensor(0.),<bound method Expression.r2 of <Expression.Expression object at 0x7f61eb17e880>>
 Nguyen-5'_0_41,None,tensor(0.),<bound method Expression.r2 of <Expression.Expression object at 0x7f61eb1b80d0>>
 Nguyen-5'_0_42,2*x*(x + 1),tensor(0.0578),-264.68052388995426
 Nguyen-5'_0_43,None,tensor(0.),<bound method Expression.r2 of <Expression.Expression object at 0x7f61f0210910>>
 Nguyen-5'_0_44,None,tensor(0.),<bound method Expression.r2 of <Expression.Expression object at 0x7f61eb1d50a0>>
 Nguyen-5'_0_45,sin(x) - cos(x),tensor(0.1362),-39.18954372819287
 Nguyen-5'_0_46,None,tensor(0.),<bound method Expression.r2 of <Expression.Expression object at 0x7f61eb1d5ca0>>
 Nguyen-5'_0_47,None,tensor(0.),<bound method Expression.r2 of <Expression.Expression object at 0x7f62301c9d60>>
 Nguyen-5'_0_48,None,tensor(0.),<bound method Expression.r2 of <Expression.Expression object at 0x7f61eb09b2e0>>
 Nguyen-5'_0_49,None,tensor(0.),<bound method Expression.r2 of <Expression.Expression object at 0x7f61eb09b8e0>>
 Nguyen-5'_0_50,None,tensor(0.),<bound method Expression.r2 of <Expression.Expression object at 0x7f627819b5b0>>
 Nguyen-5'_0_51,None,tensor(0.),<bound method Expression.r2 of <Expression.Expression object at 0x7f61d0159700>>
 Nguyen-5'_0_52,None,tensor(0.),<bound method Expression.r2 of <Expression.Expression object at 0x7f6230072fa0>>
 Nguyen-5'_0_53,x**3 - 5,tensor(0.0468),-413.16287093276634
 Nguyen-5'_0_54,None,tensor(0.),<bound method Expression.r2 of <Expression.Expression object at 0x7f62780bdb20>>
 Nguyen-5'_0_55,cos(x)**5,tensor(0.0656),-202.15945186243817
 Nguyen-5'_0_56,None,tensor(0.),<bound method Expression.r2 of <Expression.Expression object at 0x7f62300fde50>>
 Nguyen-5'_0_57,None,tensor(0.),<bound method Expression.r2 of <Expression.Expression object at 0x7f61e80df970>>
 Nguyen-5'_0_58,-x*cos(x) + x,tensor(0.0844),-116.66047397588596
 Nguyen-5'_0_59,None,tensor(0.),<bound method Expression.r2 of <Expression.Expression object at 0x7f61e810d880>>
 Nguyen-5'_0_60,None,tensor(0.),<bound method Expression.r2 of <Expression.Expression object at 0x7f61e810dfd0>>
 Nguyen-5'_0_61,-x + exp(x),tensor(0.0523),-327.02003654801797
 Nguyen-5'_0_62,1,tensor(0.),0
 Nguyen-5'_0_63,None,tensor(0.),<bound method Expression.r2 of <Expression.Expression object at 0x7f62301b3c40>>
 Nguyen-5'_0_64,None,tensor(0.),<bound method Expression.r2 of <Expression.Expression object at 0x7f62301b3040>>
 Nguyen-5'_0_65,x**2 + exp(x),tensor(0.0468),-413.76155789779415
 Nguyen-5'_0_66,x*sin(4),tensor(0.0801),-130.76055177252888
 Nguyen-5'_0_67,x + sinh(x + 2),tensor(0.0244),-1602.854743213295
 Nguyen-5'_0_68,5*x*(x + 1),tensor(0.0349),-762.4800227645097
 Nguyen-5'_0_69,cos(x)**2,tensor(0.0610),-236.23356896528142
 Nguyen-5'_0_70,None,tensor(0.),<bound method Expression.r2 of <Expression.Expression object at 0x7f61eb09bfd0>>
 Nguyen-5'_0_71,-5*tan(x),tensor(0.0358),-724.4333407458378
 Nguyen-5'_0_72,None,tensor(0.),<bound method Expression.r2 of <Expression.Expression object at 0x7f62301b45e0>>
 Nguyen-5'_0_73,None,tensor(0.),<bound method Expression.r2 of <Expression.Expression object at 0x7f61eb03eca0>>
 Nguyen-5'_0_74,x*cos(x + 1),tensor(0.0953),-89.03471153962651
 Nguyen-5'_0_75,None,tensor(0.),<bound method Expression.r2 of <Expression.Expression object at 0x7f62780bd640>>
 Nguyen-5'_0_76,None,tensor(0.),<bound method Expression.r2 of <Expression.Expression object at 0x7f61d0017eb0>>
 Nguyen-5'_0_77,4*x*(x**2 + x),tensor(0.0445),-460.6390593185341
 Nguyen-5'_0_78,None,tensor(0.),<bound method Expression.r2 of <Expression.Expression object at 0x7f61f0210b80>>
 Nguyen-5'_0_79,-2*x**2 + x,tensor(0.1030),-74.76845275563444
 Nguyen-5'_0_80,None,tensor(0.),<bound method Expression.r2 of <Expression.Expression object at 0x7f627016b3d0>>
 Nguyen-5'_0_81,x**4/8,tensor(0.0830),-120.9238172487364
 Nguyen-5'_0_82,None,tensor(0.),<bound method Expression.r2 of <Expression.Expression object at 0x7f62701d1c10>>
 Nguyen-5'_0_83,None,tensor(0.),<bound method Expression.r2 of <Expression.Expression object at 0x7f627819bfa0>>
 Nguyen-5'_0_84,None,tensor(0.),<bound method Expression.r2 of <Expression.Expression object at 0x7f61e810da00>>
 Nguyen-5'_0_85,None,tensor(0.),<bound method Expression.r2 of <Expression.Expression object at 0x7f61e810d550>>
 Nguyen-5'_0_86,None,tensor(0.),<bound method Expression.r2 of <Expression.Expression object at 0x7f62280f58b0>>
 Nguyen-5'_0_87,cos(x + 4),tensor(0.1150),-58.2782824705357
 Nguyen-5'_0_88,None,tensor(0.),<bound method Expression.r2 of <Expression.Expression object at 0x7f62301c9850>>
 Nguyen-5'_0_89,None,tensor(0.),<bound method Expression.r2 of <Expression.Expression object at 0x7f623017d160>>
 Nguyen-5'_0_90,None,tensor(0.),<bound method Expression.r2 of <Expression.Expression object at 0x7f61f02502b0>>
 Nguyen-5'_0_91,sqrt(x) + 4,tensor(0.),0
 Nguyen-5'_0_92,None,tensor(0.),<bound method Expression.r2 of <Expression.Expression object at 0x7f61f03a04f0>>
 Nguyen-5'_0_93,None,tensor(0.),<bound method Expression.r2 of <Expression.Expression object at 0x7f62281732e0>>
 Nguyen-5'_0_94,None,tensor(0.),<bound method Expression.r2 of <Expression.Expression object at 0x7f61f03408b0>>
 Nguyen-5'_0_95,x**2 + exp(x),tensor(0.0468),-413.76155789779415
 Nguyen-5'_0_96,log(x + 3),tensor(0.0542),-303.3410087415487
 Nguyen-5'_0_97,None,tensor(0.),<bound method Expression.r2 of <Expression.Expression object at 0x7f62780870a0>>
 Nguyen-5'_0_98,None,tensor(0.),<bound method Expression.r2 of <Expression.Expression object at 0x7f61e80ea6d0>>
 Nguyen-5'_0_99,None,tensor(0.),<bound method Expression.r2 of <Expression.Expression object at 0x7f61f042f580>>
 Nguyen-5'_0_100,None,tensor(0.),<bound method Expression.r2 of <Expression.Expression object at 0x7f61eb07c520>>
 Nguyen-5'_0_101,None,tensor(0.),<bound method Expression.r2 of <Expression.Expression object at 0x7f61eb07cc10>>
 Nguyen-5'_0_102,None,tensor(0.),<bound method Expression.r2 of <Expression.Expression object at 0x7f61f042fcd0>>
 Nguyen-5'_0_103,3*x + sin(x),tensor(0.0550),-294.016889743255
 Nguyen-5'_0_104,None,tensor(0.),<bound method Expression.r2 of <Expression.Expression object at 0x7f6228172fa0>>
 Nguyen-5'_0_105,None,tensor(0.),<bound method Expression.r2 of <Expression.Expression object at 0x7f61e80ef9d0>>
 Nguyen-5'_0_106,None,tensor(0.),<bound method Expression.r2 of <Expression.Expression object at 0x7f61e80ef160>>
 Nguyen-5'_0_107,None,tensor(0.),<bound method Expression.r2 of <Expression.Expression object at 0x7f61e80efa60>>
 Nguyen-5'_0_108,x**2*sin(1),tensor(0.0730),-160.167554498146
 Nguyen-5'_0_109,None,tensor(0.),<bound method Expression.r2 of <Expression.Expression object at 0x7f61e80df850>>
 Nguyen-5'_0_110,x*(x*exp(x) + x),tensor(0.0582),-260.8194344047309
 Nguyen-5'_0_111,(x + 1)**2,tensor(0.0480),-391.91024629357054
 Nguyen-5'_0_112,cos(x + 4),tensor(0.1150),-58.2782824705357
 Nguyen-5'_0_113,None,tensor(0.),<bound method Expression.r2 of <Expression.Expression object at 0x7f61d0159b50>>
 Nguyen-5'_0_114,x + tan(3) + 1,tensor(0.0580),-262.3410315587302
 Nguyen-5'_0_115,sinh(x + 3),tensor(0.0110),-8020.909884225362
 Nguyen-5'_0_116,None,tensor(0.),<bound method Expression.r2 of <Expression.Expression object at 0x7f61f030d160>>
 Nguyen-5'_0_117,None,tensor(0.),<bound method Expression.r2 of <Expression.Expression object at 0x7f62280b4040>>
 Nguyen-5'_0_118,-tanh(x),tensor(0.0795),-133.14968214359038
 Nguyen-5'_0_119,-3*x + cos(x),tensor(0.0471),-408.8088538976858
 Nguyen-5'_0_120,None,tensor(0.),<bound method Expression.r2 of <Expression.Expression object at 0x7f61f042f6a0>>
 Nguyen-5'_0_121,None,tensor(0.),<bound method Expression.r2 of <Expression.Expression object at 0x7f61f0202280>>
 Nguyen-5'_0_122,None,tensor(0.),<bound method Expression.r2 of <Expression.Expression object at 0x7f61f03a0880>>
 Nguyen-5'_0_123,None,tensor(0.),<bound method Expression.r2 of <Expression.Expression object at 0x7f61f03a0e20>>
 Nguyen-5'_0_124,None,tensor(0.),<bound method Expression.r2 of <Expression.Expression object at 0x7f61d0159460>>
 Nguyen-5'_0_125,None,tensor(0.),<bound method Expression.r2 of <Expression.Expression object at 0x7f61d0196640>>
 Nguyen-5'_0_126,-sin(x + 6),tensor(0.0714),-168.24271469909726
 Nguyen-5'_0_127,None,tensor(0.),<bound method Expression.r2 of <Expression.Expression object at 0x7f6278087910>>
 Nguyen-5'_1_0,x**2 + x + asin(x),tensor(0.0643),-210.5913947358171
 Nguyen-5'_1_1,x**2/2 + sinh(x),tensor(0.0757),-148.21685239335466
 Nguyen-5'_1_2,None,tensor(0.),<bound method Expression.r2 of <Expression.Expression object at 0x7f62300f2850>>
 Nguyen-5'_1_3,x*(cos(x) + 4),tensor(0.0486),-382.4400677530439
 Nguyen-5'_1_4,None,tensor(0.),<bound method Expression.r2 of <Expression.Expression object at 0x7f61f03a0460>>
 Nguyen-5'_1_5,None,tensor(0.),<bound method Expression.r2 of <Expression.Expression object at 0x7f61f03a0b20>>
 Nguyen-5'_1_6,exp(x + 3),tensor(0.0059),-28840.3803945769
 Nguyen-5'_1_7,None,tensor(0.),<bound method Expression.r2 of <Expression.Expression object at 0x7f61f03a06a0>>
 Nguyen-5'_1_8,None,tensor(0.),<bound method Expression.r2 of <Expression.Expression object at 0x7f61f0297790>>
 Nguyen-5'_1_9,exp(x/2),tensor(0.0549),-295.42253667793045
 Nguyen-5'_1_10,None,tensor(0.),<bound method Expression.r2 of <Expression.Expression object at 0x7f6230072a90>>
 Nguyen-5'_1_11,None,tensor(0.),<bound method Expression.r2 of <Expression.Expression object at 0x7f6230072b50>>
 Nguyen-5'_1_12,2*x**2 + x,tensor(0.0608),-237.6493620537447
 Nguyen-5'_1_13,None,tensor(0.),<bound method Expression.r2 of <Expression.Expression object at 0x7f62301929d0>>
 Nguyen-5'_1_14,None,tensor(0.),<bound method Expression.r2 of <Expression.Expression object at 0x7f6230192a90>>
 Nguyen-5'_1_15,None,tensor(0.),<bound method Expression.r2 of <Expression.Expression object at 0x7f6230192f70>>
 Nguyen-5'_1_16,None,tensor(0.),<bound method Expression.r2 of <Expression.Expression object at 0x7f6230192ca0>>
 Nguyen-5'_1_17,6*x**2,tensor(0.0371),-671.0277076851472
 Nguyen-5'_1_18,None,tensor(0.),<bound method Expression.r2 of <Expression.Expression object at 0x7f6230057190>>
 Nguyen-5'_1_19,None,tensor(0.),<bound method Expression.r2 of <Expression.Expression object at 0x7f62300570a0>>
 Nguyen-5'_1_20,2*x,tensor(0.0737),-156.93042877050974
 Nguyen-5'_1_21,None,tensor(0.),<bound method Expression.r2 of <Expression.Expression object at 0x7f6230057400>>
 Nguyen-5'_1_22,None,tensor(0.),<bound method Expression.r2 of <Expression.Expression object at 0x7f62300570d0>>
 Nguyen-5'_1_23,x + tanh(2),tensor(0.0560),-283.44317105984976
 Nguyen-5'_1_24,None,tensor(0.),<bound method Expression.r2 of <Expression.Expression object at 0x7f61f0297400>>
 Nguyen-5'_1_25,None,tensor(0.),<bound method Expression.r2 of <Expression.Expression object at 0x7f62281685b0>>
 Nguyen-5'_1_26,3*x + 1/3,tensor(0.0582),-261.00418291704085
 Nguyen-5'_1_27,None,tensor(0.),<bound method Expression.r2 of <Expression.Expression object at 0x7f6228168c70>>
 Nguyen-5'_1_28,x**2 + acosh(x),tensor(0.),0
 Nguyen-5'_1_29,None,tensor(0.),<bound method Expression.r2 of <Expression.Expression object at 0x7f6278087be0>>
 Nguyen-5'_1_30,None,tensor(0.),<bound method Expression.r2 of <Expression.Expression object at 0x7f6278087580>>
 Nguyen-5'_1_31,None,tensor(0.),<bound method Expression.r2 of <Expression.Expression object at 0x7f6278087eb0>>
 Nguyen-5'_1_32,None,tensor(0.),<bound method Expression.r2 of <Expression.Expression object at 0x7f6278087490>>
 Nguyen-5'_1_33,2,tensor(0.),0
 Nguyen-5'_1_34,None,tensor(0.),<bound method Expression.r2 of <Expression.Expression object at 0x7f6278112520>>
 Nguyen-5'_1_35,x*(x**3 + x),tensor(0.0643),-210.96876906889304
 Nguyen-5'_1_36,None,tensor(0.),<bound method Expression.r2 of <Expression.Expression object at 0x7f61f042be20>>
 Nguyen-5'_1_37,None,tensor(0.),<bound method Expression.r2 of <Expression.Expression object at 0x7f61f042b670>>
 Nguyen-5'_1_38,None,tensor(0.),<bound method Expression.r2 of <Expression.Expression object at 0x7f61f042b460>>
 Nguyen-5'_1_39,x*(x + 1),tensor(0.0705),-172.67975465401133
 Nguyen-5'_1_40,x*log(x**2),tensor(0.0801),-131.03439741677462
 Nguyen-5'_1_41,None,tensor(0.),<bound method Expression.r2 of <Expression.Expression object at 0x7f61f04dc4c0>>
 Nguyen-5'_1_42,2*x*(x + 3),tensor(0.0380),-641.0332856434821
 Nguyen-5'_1_43,None,tensor(0.),<bound method Expression.r2 of <Expression.Expression object at 0x7f61f05c5310>>
 Nguyen-5'_1_44,None,tensor(0.),<bound method Expression.r2 of <Expression.Expression object at 0x7f61f05c5fa0>>
 Nguyen-5'_1_45,x*(x**2 + 3) + x,tensor(0.0494),-369.1375946155123
 Nguyen-5'_1_46,2*x*cos(2*x),tensor(0.0819),-124.73107766232086
 Nguyen-5'_1_47,None,tensor(0.),<bound method Expression.r2 of <Expression.Expression object at 0x7f61f05c5790>>
 Nguyen-5'_1_48,2*x**(7/2)/7,tensor(0.),0
 Nguyen-5'_1_49,None,tensor(0.),<bound method Expression.r2 of <Expression.Expression object at 0x7f61f042f100>>
 Nguyen-5'_1_50,None,tensor(0.),<bound method Expression.r2 of <Expression.Expression object at 0x7f62301b2220>>
 Nguyen-5'_1_51,sin(2*x)**2,tensor(0.0635),-216.66424162735626
 Nguyen-5'_1_52,x**2*acosh(4)/2,tensor(0.0708),-171.36797730870612
 Nguyen-5'_1_53,None,tensor(0.),<bound method Expression.r2 of <Expression.Expression object at 0x7f61f04dc3d0>>
 Nguyen-5'_1_54,x**3/2,tensor(0.0844),-116.69738322512849
 Nguyen-5'_1_55,None,tensor(0.),<bound method Expression.r2 of <Expression.Expression object at 0x7f61f042be80>>
 Nguyen-5'_1_56,-sin(2*x),tensor(0.0752),-150.20181172159243
 Nguyen-5'_1_57,None,tensor(0.),<bound method Expression.r2 of <Expression.Expression object at 0x7f61f03a0370>>
 Nguyen-5'_1_58,6*x**3,tensor(0.0549),-295.1149441505594
 Nguyen-5'_1_59,None,tensor(0.),<bound method Expression.r2 of <Expression.Expression object at 0x7f62280b4340>>
 Nguyen-5'_1_60,None,tensor(0.),<bound method Expression.r2 of <Expression.Expression object at 0x7f62280b4b80>>
 Nguyen-5'_1_61,None,tensor(0.),<bound method Expression.r2 of <Expression.Expression object at 0x7f62280b46a0>>
 Nguyen-5'_1_62,None,tensor(0.),<bound method Expression.r2 of <Expression.Expression object at 0x7f62280b47f0>>
 Nguyen-5'_1_63,None,tensor(0.),<bound method Expression.r2 of <Expression.Expression object at 0x7f62280b43a0>>
 Nguyen-5'_1_64,x + cos(x),tensor(0.0582),-260.4016135745738
 Nguyen-5'_1_65,None,tensor(0.),<bound method Expression.r2 of <Expression.Expression object at 0x7f62280b4f70>>
 Nguyen-5'_1_66,3*x**4/4,tensor(0.0778),-139.37127601903342
 Nguyen-5'_1_67,None,tensor(0.),<bound method Expression.r2 of <Expression.Expression object at 0x7f6230072250>>
 Nguyen-5'_1_68,x + cosh(x) + 1,tensor(0.0397),-585.2518890427547
 Nguyen-5'_1_69,None,tensor(0.),<bound method Expression.r2 of <Expression.Expression object at 0x7f61f02974f0>>
 Nguyen-5'_1_70,None,tensor(0.),<bound method Expression.r2 of <Expression.Expression object at 0x7f62700eb1c0>>
 Nguyen-5'_1_71,None,tensor(0.),<bound method Expression.r2 of <Expression.Expression object at 0x7f62700ebd30>>
 Nguyen-5'_1_72,-x + tan(4),tensor(0.0508),-348.84427320085297
 Nguyen-5'_1_73,42*x*exp(x) + x,tensor(0.0043),-54528.81330944425
 Nguyen-5'_1_74,None,tensor(0.),<bound method Expression.r2 of <Expression.Expression object at 0x7f61e80ea790>>
 Nguyen-5'_1_75,None,tensor(0.),<bound method Expression.r2 of <Expression.Expression object at 0x7f62700ebbb0>>
 Nguyen-5'_1_76,asin(x),tensor(0.0810),-127.72900368259522
 Nguyen-5'_1_77,None,tensor(0.),<bound method Expression.r2 of <Expression.Expression object at 0x7f6230192160>>
 Nguyen-5'_1_78,sin(x + 4),tensor(0.1176),-55.278894604572955
 Nguyen-5'_1_79,None,tensor(0.),<bound method Expression.r2 of <Expression.Expression object at 0x7f62301922e0>>
 Nguyen-5'_1_80,2*x**3 + x,tensor(0.0711),-169.58528350845486
 Nguyen-5'_1_81,x + 1/sin(x),tensor(0.0109),-8178.750063544945
 Nguyen-5'_1_82,None,tensor(0.),<bound method Expression.r2 of <Expression.Expression object at 0x7f61e80ea430>>
 Nguyen-5'_1_83,x + sin(3*x),tensor(0.0719),-165.66629890242805
 Nguyen-5'_1_84,None,tensor(0.),<bound method Expression.r2 of <Expression.Expression object at 0x7f6230072bb0>>
 Nguyen-5'_1_85,None,tensor(0.),<bound method Expression.r2 of <Expression.Expression object at 0x7f6230072040>>
 Nguyen-5'_1_86,x + cos(2),tensor(0.1019),-76.75399453012702
 Nguyen-5'_1_87,x/2,tensor(0.0842),-117.40794086169366
 Nguyen-5'_1_88,-log(cos(x)),tensor(0.0765),-144.8545478998
 Nguyen-5'_1_89,None,tensor(0.),<bound method Expression.r2 of <Expression.Expression object at 0x7f6230192e20>>
 Nguyen-5'_1_90,5*x**4/6,tensor(0.0771),-142.08962584285254
 Nguyen-5'_1_91,None,tensor(0.),<bound method Expression.r2 of <Expression.Expression object at 0x7f62301920d0>>
 Nguyen-5'_1_92,None,tensor(0.),<bound method Expression.r2 of <Expression.Expression object at 0x7f62300725b0>>
 Nguyen-5'_1_93,None,tensor(0.),<bound method Expression.r2 of <Expression.Expression object at 0x7f6230194250>>
 Nguyen-5'_1_94,None,tensor(0.),<bound method Expression.r2 of <Expression.Expression object at 0x7f6230194730>>
 Nguyen-5'_1_95,None,tensor(0.),<bound method Expression.r2 of <Expression.Expression object at 0x7f6230194580>>
 Nguyen-5'_1_96,-4*x**2 + 3*x,tensor(0.0648),-207.34785130000137
 Nguyen-5'_1_97,None,tensor(0.),<bound method Expression.r2 of <Expression.Expression object at 0x7f61f042f0d0>>
 Nguyen-5'_1_98,None,tensor(0.),<bound method Expression.r2 of <Expression.Expression object at 0x7f6228168430>>
 Nguyen-5'_1_99,None,tensor(0.),<bound method Expression.r2 of <Expression.Expression object at 0x7f6228168c40>>
 Nguyen-5'_1_100,2*x*log(3),tensor(0.0717),-166.6162249316807
 Nguyen-5'_1_101,None,tensor(0.),<bound method Expression.r2 of <Expression.Expression object at 0x7f62700eb8b0>>
 Nguyen-5'_1_102,x*sin(4),tensor(0.0801),-130.76055177252888
 Nguyen-5'_1_103,None,tensor(0.),<bound method Expression.r2 of <Expression.Expression object at 0x7f62780871c0>>
 Nguyen-5'_1_104,None,tensor(0.),<bound method Expression.r2 of <Expression.Expression object at 0x7f6230057dc0>>
 Nguyen-5'_1_105,None,tensor(0.),<bound method Expression.r2 of <Expression.Expression object at 0x7f6230057460>>
 Nguyen-5'_1_106,None,tensor(0.),<bound method Expression.r2 of <Expression.Expression object at 0x7f6230057820>>
 Nguyen-5'_1_107,None,tensor(0.),<bound method Expression.r2 of <Expression.Expression object at 0x7f6230057700>>
 Nguyen-5'_1_108,None,tensor(0.),<bound method Expression.r2 of <Expression.Expression object at 0x7f62301b2310>>
 Nguyen-5'_1_109,x + Abs(x),tensor(0.0659),-199.8514510899787
 Nguyen-5'_1_110,None,tensor(0.),<bound method Expression.r2 of <Expression.Expression object at 0x7f61eb0872b0>>
 Nguyen-5'_1_111,None,tensor(0.),<bound method Expression.r2 of <Expression.Expression object at 0x7f61eb0877f0>>
 Nguyen-5'_1_112,None,tensor(0.),<bound method Expression.r2 of <Expression.Expression object at 0x7f61eb0879a0>>
 Nguyen-5'_1_113,None,tensor(0.),<bound method Expression.r2 of <Expression.Expression object at 0x7f61eb087220>>
 Nguyen-5'_1_114,None,tensor(0.),<bound method Expression.r2 of <Expression.Expression object at 0x7f61eb087280>>
 Nguyen-5'_1_115,None,tensor(0.),<bound method Expression.r2 of <Expression.Expression object at 0x7f61f04dcfd0>>
 Nguyen-5'_1_116,None,tensor(0.),<bound method Expression.r2 of <Expression.Expression object at 0x7f61f04dcf70>>
 Nguyen-5'_1_117,None,tensor(0.),<bound method Expression.r2 of <Expression.Expression object at 0x7f61f04dc7c0>>
 Nguyen-5'_1_118,None,tensor(0.),<bound method Expression.r2 of <Expression.Expression object at 0x7f61f04dc0a0>>
 Nguyen-5'_1_119,None,tensor(0.),<bound method Expression.r2 of <Expression.Expression object at 0x7f61f04dc1c0>>
 Nguyen-5'_1_120,x**2 - cos(x),tensor(0.1100),-64.48262692973695
 Nguyen-5'_1_121,None,tensor(0.),<bound method Expression.r2 of <Expression.Expression object at 0x7f62301944c0>>
 Nguyen-5'_1_122,x**6/25,tensor(0.0839),-118.36871119398958
 Nguyen-5'_1_123,None,tensor(0.),<bound method Expression.r2 of <Expression.Expression object at 0x7f6278112340>>
 Nguyen-5'_1_124,4*sin(x),tensor(0.0575),-267.3138007400098
 Nguyen-5'_1_125,acos(2*x),tensor(0.),0
 Nguyen-5'_1_126,None,tensor(0.),<bound method Expression.r2 of <Expression.Expression object at 0x7f61f042ba60>>
 Nguyen-5'_1_127,None,tensor(0.),<bound method Expression.r2 of <Expression.Expression object at 0x7f61f042b640>>
 Nguyen-5'_2_0,9*x**4/10,tensor(0.0766),-144.3081306033669
 Nguyen-5'_2_1,5*x + atan(x),tensor(0.0414),-535.5444284746419
 Nguyen-5'_2_2,None,tensor(0.),<bound method Expression.r2 of <Expression.Expression object at 0x7f61f02f3e80>>
 Nguyen-5'_2_3,None,tensor(0.),<bound method Expression.r2 of <Expression.Expression object at 0x7f61f0297fd0>>
 Nguyen-5'_2_4,log(5*x),tensor(0.),0
 Nguyen-5'_2_5,None,tensor(0.),<bound method Expression.r2 of <Expression.Expression object at 0x7f61e80ead60>>
 Nguyen-5'_2_6,None,tensor(0.),<bound method Expression.r2 of <Expression.Expression object at 0x7f61f03a03d0>>
 Nguyen-5'_2_7,None,tensor(0.),<bound method Expression.r2 of <Expression.Expression object at 0x7f61f03a0610>>
 Nguyen-5'_2_8,None,tensor(0.),<bound method Expression.r2 of <Expression.Expression object at 0x7f61e80ea970>>
 Nguyen-5'_2_9,None,tensor(0.),<bound method Expression.r2 of <Expression.Expression object at 0x7f62301925e0>>
 Nguyen-5'_2_10,None,tensor(0.),<bound method Expression.r2 of <Expression.Expression object at 0x7f6230192670>>
 Nguyen-5'_2_11,2*x/3,tensor(0.0837),-118.81901602479893
 Nguyen-5'_2_12,None,tensor(0.),<bound method Expression.r2 of <Expression.Expression object at 0x7f6230194f70>>
 Nguyen-5'_2_13,None,tensor(0.),<bound method Expression.r2 of <Expression.Expression object at 0x7f62301947c0>>
 Nguyen-5'_2_14,(x + 4)/sqrt(x),tensor(0.),0
 Nguyen-5'_2_15,None,tensor(0.),<bound method Expression.r2 of <Expression.Expression object at 0x7f61f04dc130>>
 Nguyen-5'_2_16,x*(x*exp(-x) + 3),tensor(0.0607),-238.7291852235776
 Nguyen-5'_2_17,None,tensor(0.),<bound method Expression.r2 of <Expression.Expression object at 0x7f6228168760>>
 Nguyen-5'_2_18,None,tensor(0.),<bound method Expression.r2 of <Expression.Expression object at 0x7f62281f4970>>
 Nguyen-5'_2_19,tan(x/5),tensor(0.0844),-116.74153654241583
 Nguyen-5'_2_20,-x - 1,tensor(0.1379),-38.08289087214909
 Nguyen-5'_2_21,None,tensor(0.),<bound method Expression.r2 of <Expression.Expression object at 0x7f61f042fac0>>
 Nguyen-5'_2_22,None,tensor(0.),<bound method Expression.r2 of <Expression.Expression object at 0x7f61f042f250>>
 Nguyen-5'_2_23,None,tensor(0.),<bound method Expression.r2 of <Expression.Expression object at 0x7f61f042fc10>>
 Nguyen-5'_2_24,None,tensor(0.),<bound method Expression.r2 of <Expression.Expression object at 0x7f62780bd3d0>>
 Nguyen-5'_2_25,x/(1 - x),tensor(0.0282),-1183.4762875546662
 Nguyen-5'_2_26,x/acos(2)**3,tensor(0.),0
 Nguyen-5'_2_27,None,tensor(0.),<bound method Expression.r2 of <Expression.Expression object at 0x7f62700eb190>>
 Nguyen-5'_2_28,None,tensor(0.),<bound method Expression.r2 of <Expression.Expression object at 0x7f62700ebfd0>>
 Nguyen-5'_2_29,None,tensor(0.),<bound method Expression.r2 of <Expression.Expression object at 0x7f61f042b160>>
 Nguyen-5'_2_30,-log(cos(x)) + atan(x),tensor(0.0759),-147.2233520411769
 Nguyen-5'_2_31,None,tensor(0.),<bound method Expression.r2 of <Expression.Expression object at 0x7f62981a5be0>>
 Nguyen-5'_2_32,None,tensor(0.),<bound method Expression.r2 of <Expression.Expression object at 0x7f62280b4580>>
 Nguyen-5'_2_33,x,tensor(0.0821),-123.87640063774847
 Nguyen-5'_2_34,(x + sin(x))**2,tensor(0.0488),-379.0419001396089
 Nguyen-5'_2_35,2*x*tan(1),tensor(0.0623),-225.3986881847746
 Nguyen-5'_2_36,None,tensor(0.),<bound method Expression.r2 of <Expression.Expression object at 0x7f62701f1460>>
 Nguyen-5'_2_37,None,tensor(0.),<bound method Expression.r2 of <Expression.Expression object at 0x7f62701f1820>>
 Nguyen-5'_2_38,None,tensor(0.),<bound method Expression.r2 of <Expression.Expression object at 0x7f62701f19a0>>
 Nguyen-5'_2_39,None,tensor(0.),<bound method Expression.r2 of <Expression.Expression object at 0x7f62701f10a0>>
 Nguyen-5'_2_40,-sqrt(x) + x*acos(x),tensor(0.),0
 Nguyen-5'_2_41,x*(x + 3),tensor(0.0583),-259.5877560638511
 Nguyen-5'_2_42,None,tensor(0.),<bound method Expression.r2 of <Expression.Expression object at 0x7f6270133970>>
 Nguyen-5'_2_43,-tan(x + 4),tensor(0.0158),-3896.279824706769
 Nguyen-5'_2_44,2*acos(x),tensor(0.0301),-1036.3550774031692
 Nguyen-5'_2_45,None,tensor(0.),<bound method Expression.r2 of <Expression.Expression object at 0x7f62301af040>>
 Nguyen-5'_2_46,x*(x + atan(4)),tensor(0.0693),-179.52220649225828
 Nguyen-5'_2_47,None,tensor(0.),<bound method Expression.r2 of <Expression.Expression object at 0x7f61f05c53d0>>
 Nguyen-5'_2_48,sin(3*x),tensor(0.0798),-131.98520828950112
 Nguyen-5'_2_49,x*atanh(5),tensor(0.),0
 Nguyen-5'_2_50,None,tensor(0.),<bound method Expression.r2 of <Expression.Expression object at 0x7f62280b48b0>>
 Nguyen-5'_2_51,None,tensor(0.),<bound method Expression.r2 of <Expression.Expression object at 0x7f62701332e0>>
 Nguyen-5'_2_52,x*(x + 2),tensor(0.0655),-202.72234963849672
 Nguyen-5'_2_53,None,tensor(0.),<bound method Expression.r2 of <Expression.Expression object at 0x7f62301af910>>
 Nguyen-5'_2_54,None,tensor(0.),<bound method Expression.r2 of <Expression.Expression object at 0x7f62301af640>>
 Nguyen-5'_2_55,None,tensor(0.),<bound method Expression.r2 of <Expression.Expression object at 0x7f61eb087190>>
 Nguyen-5'_2_56,None,tensor(0.),<bound method Expression.r2 of <Expression.Expression object at 0x7f62301b2fa0>>
 Nguyen-5'_2_57,x**2 + 1,tensor(0.0495),-367.68514346379715
 Nguyen-5'_2_58,None,tensor(0.),<bound method Expression.r2 of <Expression.Expression object at 0x7f62301b2160>>
 Nguyen-5'_2_59,None,tensor(0.),<bound method Expression.r2 of <Expression.Expression object at 0x7f62701331c0>>
 Nguyen-5'_2_60,log(x) + 5,tensor(0.),0
 Nguyen-5'_2_61,None,tensor(0.),<bound method Expression.r2 of <Expression.Expression object at 0x7f61f04dea60>>
 Nguyen-5'_2_62,None,tensor(0.),<bound method Expression.r2 of <Expression.Expression object at 0x7f61f04ded30>>
 Nguyen-5'_2_63,None,tensor(0.),<bound method Expression.r2 of <Expression.Expression object at 0x7f61f04de130>>
 Nguyen-5'_2_64,None,tensor(0.),<bound method Expression.r2 of <Expression.Expression object at 0x7f61f04dee50>>
 Nguyen-5'_2_65,None,tensor(0.),<bound method Expression.r2 of <Expression.Expression object at 0x7f61f04de640>>
 Nguyen-5'_2_66,None,tensor(0.),<bound method Expression.r2 of <Expression.Expression object at 0x7f62700ebd90>>
 Nguyen-5'_2_67,None,tensor(0.),<bound method Expression.r2 of <Expression.Expression object at 0x7f62700eb910>>
 Nguyen-5'_2_68,None,tensor(0.),<bound method Expression.r2 of <Expression.Expression object at 0x7f62700eb4c0>>
 Nguyen-5'_2_69,None,tensor(0.),<bound method Expression.r2 of <Expression.Expression object at 0x7f62700eb790>>
 Nguyen-5'_2_70,x**2*cos(x)**2,tensor(0.0769),-142.91737474922957
 Nguyen-5'_2_71,None,tensor(0.),<bound method Expression.r2 of <Expression.Expression object at 0x7f62281681f0>>
 Nguyen-5'_2_72,None,tensor(0.),<bound method Expression.r2 of <Expression.Expression object at 0x7f61f042bfd0>>
 Nguyen-5'_2_73,x*(x + cos(3)),tensor(0.0670),-192.69392009133574
 Nguyen-5'_2_74,-x**2*cos(1),tensor(0.0920),-96.37654649773779
 Nguyen-5'_2_75,log(x/4),tensor(0.),0
 Nguyen-5'_2_76,None,tensor(0.),<bound method Expression.r2 of <Expression.Expression object at 0x7f6230057f40>>
 Nguyen-5'_2_77,x**5 + 2,tensor(0.0415),-532.1849816336484
 Nguyen-5'_2_78,x*atanh(3*x),tensor(0.),0
 Nguyen-5'_2_79,sin(x)**9,tensor(0.0842),-117.21034319340949
 Nguyen-5'_2_80,None,tensor(0.),<bound method Expression.r2 of <Expression.Expression object at 0x7f62281f4940>>
 Nguyen-5'_2_81,x/3,tensor(0.0844),-116.74194379416818
 Nguyen-5'_2_82,None,tensor(0.),<bound method Expression.r2 of <Expression.Expression object at 0x7f62300728e0>>
 Nguyen-5'_2_83,x**6/32,tensor(0.0839),-118.20964497333598
 Nguyen-5'_2_84,8*x**3,tensor(0.0452),-445.831952147732
 Nguyen-5'_2_85,None,tensor(0.),<bound method Expression.r2 of <Expression.Expression object at 0x7f61f0297f10>>
 Nguyen-5'_2_86,-sqrt(x) + x*(x + 12),tensor(0.),0
 Nguyen-5'_2_87,None,tensor(0.),<bound method Expression.r2 of <Expression.Expression object at 0x7f61e80eaa60>>
 Nguyen-5'_2_88,None,tensor(0.),<bound method Expression.r2 of <Expression.Expression object at 0x7f61e80eaeb0>>
 Nguyen-5'_2_89,None,tensor(0.),<bound method Expression.r2 of <Expression.Expression object at 0x7f61f02f3730>>
 Nguyen-5'_2_90,None,tensor(0.),<bound method Expression.r2 of <Expression.Expression object at 0x7f61f02f3550>>
 Nguyen-5'_2_91,x**2*tan(3),tensor(0.0861),-111.5756321523205
 Nguyen-5'_2_92,None,tensor(0.),<bound method Expression.r2 of <Expression.Expression object at 0x7f61f02f34f0>>
 Nguyen-5'_2_93,None,tensor(0.),<bound method Expression.r2 of <Expression.Expression object at 0x7f61f0297700>>
 Nguyen-5'_2_94,None,tensor(0.),<bound method Expression.r2 of <Expression.Expression object at 0x7f62301940a0>>
 Nguyen-5'_2_95,None,tensor(0.),<bound method Expression.r2 of <Expression.Expression object at 0x7f6230194a60>>
 Nguyen-5'_2_96,None,tensor(0.),<bound method Expression.r2 of <Expression.Expression object at 0x7f6230194160>>
 Nguyen-5'_2_97,x*(x*exp(x) + 2),tensor(0.0587),-256.43530201601595
 Nguyen-5'_2_98,x*sinh(5),tensor(0.0037),-73429.61389518798
 Nguyen-5'_2_99,None,tensor(0.),<bound method Expression.r2 of <Expression.Expression object at 0x7f6228168820>>
 Nguyen-5'_2_100,x*(x**3 + 5),tensor(0.0456),-436.53195323191954
 Nguyen-5'_2_101,None,tensor(0.),<bound method Expression.r2 of <Expression.Expression object at 0x7f6230072910>>
 Nguyen-5'_2_102,x + 3/x,tensor(0.0037),-72906.16887480445
 Nguyen-5'_2_103,x/(3*x + 3),tensor(0.0460),-429.2185564904985
 Nguyen-5'_2_104,None,tensor(0.),<bound method Expression.r2 of <Expression.Expression object at 0x7f61f042fbb0>>
 Nguyen-5'_2_105,None,tensor(0.),<bound method Expression.r2 of <Expression.Expression object at 0x7f61f042ffd0>>
 Nguyen-5'_2_106,tan(1)/x**3,tensor(8.4684e-07),-1394415184908.8943
 Nguyen-5'_2_107,None,tensor(0.),<bound method Expression.r2 of <Expression.Expression object at 0x7f62780970d0>>
 Nguyen-5'_2_108,None,tensor(0.),<bound method Expression.r2 of <Expression.Expression object at 0x7f6278112b20>>
 Nguyen-5'_2_109,None,tensor(0.),<bound method Expression.r2 of <Expression.Expression object at 0x7f61f05c5400>>
 Nguyen-5'_2_110,None,tensor(0.),<bound method Expression.r2 of <Expression.Expression object at 0x7f61f05c5ee0>>
 Nguyen-5'_2_111,None,tensor(0.),<bound method Expression.r2 of <Expression.Expression object at 0x7f62301b2760>>
 Nguyen-5'_2_112,None,tensor(0.),<bound method Expression.r2 of <Expression.Expression object at 0x7f62301b2550>>
 Nguyen-5'_2_113,None,tensor(0.),<bound method Expression.r2 of <Expression.Expression object at 0x7f62301925b0>>
 Nguyen-5'_2_114,x**3 + 3*x,tensor(0.0576),-266.27169021754236
 Nguyen-5'_2_115,None,tensor(0.),<bound method Expression.r2 of <Expression.Expression object at 0x7f62701f1340>>
 Nguyen-5'_2_116,None,tensor(0.),<bound method Expression.r2 of <Expression.Expression object at 0x7f62701f1a90>>
 Nguyen-5'_2_117,None,tensor(0.),<bound method Expression.r2 of <Expression.Expression object at 0x7f62701f1940>>
 Nguyen-5'_2_118,x*(x**2 - 6),tensor(0.0409),-547.5050654749185
 Nguyen-5'_2_119,None,tensor(0.),<bound method Expression.r2 of <Expression.Expression object at 0x7f61eb087cd0>>
 Nguyen-5'_2_120,x*(x + exp(3)),tensor(0.0135),-5375.302996407192
 Nguyen-5'_2_121,None,tensor(0.),<bound method Expression.r2 of <Expression.Expression object at 0x7f61f03e16d0>>
 Nguyen-5'_2_122,-10*x,tensor(0.0249),-1530.5876462747278
 Nguyen-5'_2_123,None,tensor(0.),<bound method Expression.r2 of <Expression.Expression object at 0x7f62301b2d60>>
 Nguyen-5'_2_124,None,tensor(0.),<bound method Expression.r2 of <Expression.Expression object at 0x7f61f04de610>>
 Nguyen-5'_2_125,None,tensor(0.),<bound method Expression.r2 of <Expression.Expression object at 0x7f61f01a7c40>>
 Nguyen-5'_2_126,None,tensor(0.),<bound method Expression.r2 of <Expression.Expression object at 0x7f61f02f30a0>>
 Nguyen-5'_2_127,None,tensor(0.),<bound method Expression.r2 of <Expression.Expression object at 0x7f61eb1f3820>>
 Nguyen-5'_3_0,None,tensor(0.),<bound method Expression.r2 of <Expression.Expression object at 0x7f62300f2cd0>>
 Nguyen-5'_3_1,x**2 + 25*x,tensor(0.0109),-8296.797991961503
 Nguyen-5'_3_2,None,tensor(0.),<bound method Expression.r2 of <Expression.Expression object at 0x7f6228123ca0>>
 Nguyen-5'_3_3,(2 - x)*(x + 1),tensor(0.0451),-447.1282341889698
 Nguyen-5'_3_4,x**2 + x + sqrt(3),tensor(0.0406),-556.2237377374261
 Nguyen-5'_3_5,None,tensor(0.),<bound method Expression.r2 of <Expression.Expression object at 0x7f62280b46d0>>
 Nguyen-5'_3_6,None,tensor(0.),<bound method Expression.r2 of <Expression.Expression object at 0x7f62281f03d0>>
 Nguyen-5'_3_7,None,tensor(0.),<bound method Expression.r2 of <Expression.Expression object at 0x7f61f057fc70>>
 Nguyen-5'_3_8,x**6/6,tensor(0.0831),-120.7212316899863
 Nguyen-5'_3_9,None,tensor(0.),<bound method Expression.r2 of <Expression.Expression object at 0x7f62281f0280>>
 Nguyen-5'_3_10,None,tensor(0.),<bound method Expression.r2 of <Expression.Expression object at 0x7f61e80ea850>>
 Nguyen-5'_3_11,x + 2*atanh(x),tensor(0.0543),-301.75459952134196
 Nguyen-5'_3_12,None,tensor(0.),<bound method Expression.r2 of <Expression.Expression object at 0x7f61f02f3520>>
 Nguyen-5'_3_13,None,tensor(0.),<bound method Expression.r2 of <Expression.Expression object at 0x7f61f02f3970>>
 Nguyen-5'_3_14,x*(x + 2),tensor(0.0655),-202.72234963849672
 Nguyen-5'_3_15,3*x**2/2,tensor(0.0657),-201.42970971146576
 Nguyen-5'_3_16,None,tensor(0.),<bound method Expression.r2 of <Expression.Expression object at 0x7f62301928b0>>
 Nguyen-5'_3_17,None,tensor(0.),<bound method Expression.r2 of <Expression.Expression object at 0x7f61f042f040>>
 Nguyen-5'_3_18,22*x + cos(x),tensor(0.0122),-6522.251605106347
 Nguyen-5'_3_19,None,tensor(0.),<bound method Expression.r2 of <Expression.Expression object at 0x7f62301aeaf0>>
 Nguyen-5'_3_20,None,tensor(0.),<bound method Expression.r2 of <Expression.Expression object at 0x7f62301aeb80>>
 Nguyen-5'_3_21,(1 - x)*exp(x),tensor(0.0589),-254.23757073569286
 Nguyen-5'_3_22,None,tensor(0.),<bound method Expression.r2 of <Expression.Expression object at 0x7f62300575b0>>
 Nguyen-5'_3_23,None,tensor(0.),<bound method Expression.r2 of <Expression.Expression object at 0x7f61f04de580>>
 Nguyen-5'_3_24,None,tensor(0.),<bound method Expression.r2 of <Expression.Expression object at 0x7f61f02970d0>>
 Nguyen-5'_3_25,None,tensor(0.),<bound method Expression.r2 of <Expression.Expression object at 0x7f61f02978e0>>
 Nguyen-5'_3_26,None,tensor(0.),<bound method Expression.r2 of <Expression.Expression object at 0x7f62700ebf10>>
 Nguyen-5'_3_27,None,tensor(0.),<bound method Expression.r2 of <Expression.Expression object at 0x7f62700eb040>>
 Nguyen-5'_3_28,None,tensor(0.),<bound method Expression.r2 of <Expression.Expression object at 0x7f62700ebbe0>>
 Nguyen-5'_3_29,None,tensor(0.),<bound method Expression.r2 of <Expression.Expression object at 0x7f62700ebdf0>>
 Nguyen-5'_3_30,None,tensor(0.),<bound method Expression.r2 of <Expression.Expression object at 0x7f62700eb1f0>>
 Nguyen-5'_3_31,None,tensor(0.),<bound method Expression.r2 of <Expression.Expression object at 0x7f6278112c10>>
 Nguyen-5'_3_32,exp(x + 2),tensor(0.0144),-4698.355727998168
 Nguyen-5'_3_33,None,tensor(0.),<bound method Expression.r2 of <Expression.Expression object at 0x7f62781126a0>>
 Nguyen-5'_3_34,2*x*exp(x),tensor(0.0536),-311.2275791037703
 Nguyen-5'_3_35,sqrt(x) + exp(x),tensor(0.),0
 Nguyen-5'_3_36,None,tensor(0.),<bound method Expression.r2 of <Expression.Expression object at 0x7f6230192760>>
 Nguyen-5'_3_37,sinh(2*x),tensor(0.0640),-213.14936846151016
 Nguyen-5'_3_38,None,tensor(0.),<bound method Expression.r2 of <Expression.Expression object at 0x7f62300577c0>>
 Nguyen-5'_3_39,None,tensor(0.),<bound method Expression.r2 of <Expression.Expression object at 0x7f61f03e1280>>
 Nguyen-5'_3_40,x**2 - 1/2,tensor(0.0910),-98.76005153582395
 Nguyen-5'_3_41,None,tensor(0.),<bound method Expression.r2 of <Expression.Expression object at 0x7f61f03e1460>>
 Nguyen-5'_3_42,None,tensor(0.),<bound method Expression.r2 of <Expression.Expression object at 0x7f62781c3b20>>
 Nguyen-5'_3_43,x*asin(x),tensor(0.0691),-180.74710023572894
 Nguyen-5'_3_44,x**4 + 2,tensor(0.0392),-598.6132687775918
 Nguyen-5'_3_45,None,tensor(0.),<bound method Expression.r2 of <Expression.Expression object at 0x7f62781c3940>>
 Nguyen-5'_3_46,None,tensor(0.),<bound method Expression.r2 of <Expression.Expression object at 0x7f61f04dcd60>>
 Nguyen-5'_3_47,None,tensor(0.),<bound method Expression.r2 of <Expression.Expression object at 0x7f61f04dc5b0>>
 Nguyen-5'_3_48,None,tensor(0.),<bound method Expression.r2 of <Expression.Expression object at 0x7f61f04dc610>>
 Nguyen-5'_3_49,x + tanh(1),tensor(0.0600),-244.09560859775036
 Nguyen-5'_3_50,None,tensor(0.),<bound method Expression.r2 of <Expression.Expression object at 0x7f6270177c70>>
 Nguyen-5'_3_51,None,tensor(0.),<bound method Expression.r2 of <Expression.Expression object at 0x7f6270177790>>
 Nguyen-5'_3_52,None,tensor(0.),<bound method Expression.r2 of <Expression.Expression object at 0x7f62701774f0>>
 Nguyen-5'_3_53,None,tensor(0.),<bound method Expression.r2 of <Expression.Expression object at 0x7f62701773a0>>
 Nguyen-5'_3_54,exp(x + 3),tensor(0.0059),-28840.3803945769
 Nguyen-5'_3_55,None,tensor(0.),<bound method Expression.r2 of <Expression.Expression object at 0x7f62300f2130>>
 Nguyen-5'_3_56,x*(x + 2) + x,tensor(0.0583),-259.5877560638511
 Nguyen-5'_3_57,x*log(2)**3,tensor(0.0844),-116.74140156196651
 Nguyen-5'_3_58,x + sinh(x),tensor(0.0727),-161.86408455471945
 Nguyen-5'_3_59,x**2/(x + 1),tensor(0.0158),-3883.909029072971
 Nguyen-5'_3_60,None,tensor(0.),<bound method Expression.r2 of <Expression.Expression object at 0x7f62780bd2e0>>
 Nguyen-5'_3_61,None,tensor(0.),<bound method Expression.r2 of <Expression.Expression object at 0x7f6230072880>>
 Nguyen-5'_3_62,None,tensor(0.),<bound method Expression.r2 of <Expression.Expression object at 0x7f61f04ded00>>
 Nguyen-5'_3_63,None,tensor(0.),<bound method Expression.r2 of <Expression.Expression object at 0x7f61f04debe0>>
 Nguyen-5'_3_64,2*x + sin(x) + 5,tensor(0.0233),-1759.2443426738314
 Nguyen-5'_3_65,x**2*(x + exp(x)),tensor(0.0659),-200.11535859806835
 Nguyen-5'_3_66,None,tensor(0.),<bound method Expression.r2 of <Expression.Expression object at 0x7f61e80eadf0>>
 Nguyen-5'_3_67,None,tensor(0.),<bound method Expression.r2 of <Expression.Expression object at 0x7f61f0297b80>>
 Nguyen-5'_3_68,None,tensor(0.),<bound method Expression.r2 of <Expression.Expression object at 0x7f61f0297a60>>
 Nguyen-5'_3_69,None,tensor(0.),<bound method Expression.r2 of <Expression.Expression object at 0x7f61f0297820>>
 Nguyen-5'_3_70,log(3*x),tensor(0.),0
 Nguyen-5'_3_71,None,tensor(0.),<bound method Expression.r2 of <Expression.Expression object at 0x7f61f0297970>>
 Nguyen-5'_3_72,None,tensor(0.),<bound method Expression.r2 of <Expression.Expression object at 0x7f62780971f0>>
 Nguyen-5'_3_73,(1 - x)/x,tensor(0.0110),-8060.190131566375
 Nguyen-5'_3_74,None,tensor(0.),<bound method Expression.r2 of <Expression.Expression object at 0x7f61f02f3c10>>
 Nguyen-5'_3_75,None,tensor(0.),<bound method Expression.r2 of <Expression.Expression object at 0x7f62780975b0>>
 Nguyen-5'_3_76,None,tensor(0.),<bound method Expression.r2 of <Expression.Expression object at 0x7f61f04dce50>>
 Nguyen-5'_3_77,None,tensor(0.),<bound method Expression.r2 of <Expression.Expression object at 0x7f61f04dca00>>
 Nguyen-5'_3_78,5*sqrt(x),tensor(0.),0
 Nguyen-5'_3_79,None,tensor(0.),<bound method Expression.r2 of <Expression.Expression object at 0x7f61f04dca60>>
 Nguyen-5'_3_80,exp(x + 5),tensor(0.0008),-1427535.2676505505
 Nguyen-5'_3_81,None,tensor(0.),<bound method Expression.r2 of <Expression.Expression object at 0x7f61f04dc730>>
 Nguyen-5'_3_82,(x + 1)**2,tensor(0.0480),-391.91024629357054
 Nguyen-5'_3_83,None,tensor(0.),<bound method Expression.r2 of <Expression.Expression object at 0x7f61eb1f34c0>>
 Nguyen-5'_3_84,None,tensor(0.),<bound method Expression.r2 of <Expression.Expression object at 0x7f61eb1f36a0>>
 Nguyen-5'_3_85,None,tensor(0.),<bound method Expression.r2 of <Expression.Expression object at 0x7f61eb1f3700>>
 Nguyen-5'_3_86,-x + 2/x,tensor(0.0055),-32133.675536400908
 Nguyen-5'_3_87,None,tensor(0.),<bound method Expression.r2 of <Expression.Expression object at 0x7f62701336d0>>
 Nguyen-5'_3_88,None,tensor(0.),<bound method Expression.r2 of <Expression.Expression object at 0x7f62301ae3d0>>
 Nguyen-5'_3_89,None,tensor(0.),<bound method Expression.r2 of <Expression.Expression object at 0x7f62301aeb20>>
 Nguyen-5'_3_90,x**3/3 + log(x),tensor(0.),0
 Nguyen-5'_3_91,None,tensor(0.),<bound method Expression.r2 of <Expression.Expression object at 0x7f61f02f6f40>>
 Nguyen-5'_3_92,tan(x + 5),tensor(0.0018),-322139.8143075154
 Nguyen-5'_3_93,None,tensor(0.),<bound method Expression.r2 of <Expression.Expression object at 0x7f61f02f6e80>>
 Nguyen-5'_3_94,-log(cos(x)) + sin(x),tensor(0.0758),-147.8668793431071
 Nguyen-5'_3_95,None,tensor(0.),<bound method Expression.r2 of <Expression.Expression object at 0x7f6270133e80>>
 Nguyen-5'_3_96,x**2 + exp(-x),tensor(0.0450),-450.1739558969063
 Nguyen-5'_3_97,None,tensor(0.),<bound method Expression.r2 of <Expression.Expression object at 0x7f6270133070>>
 Nguyen-5'_3_98,sqrt(x + 2),tensor(0.0490),-375.35077848361396
 Nguyen-5'_3_99,None,tensor(0.),<bound method Expression.r2 of <Expression.Expression object at 0x7f61eb1f3e50>>
 Nguyen-5'_3_100,3*x - tan(x),tensor(0.0764),-145.26986396667098
 Nguyen-5'_3_101,None,tensor(0.),<bound method Expression.r2 of <Expression.Expression object at 0x7f6230057160>>
 Nguyen-5'_3_102,None,tensor(0.),<bound method Expression.r2 of <Expression.Expression object at 0x7f61e80ea5e0>>
 Nguyen-5'_3_103,None,tensor(0.),<bound method Expression.r2 of <Expression.Expression object at 0x7f62281f0dc0>>
 Nguyen-5'_3_104,None,tensor(0.),<bound method Expression.r2 of <Expression.Expression object at 0x7f62281f0340>>
 Nguyen-5'_3_105,None,tensor(0.),<bound method Expression.r2 of <Expression.Expression object at 0x7f62281f0700>>
 Nguyen-5'_3_106,None,tensor(0.),<bound method Expression.r2 of <Expression.Expression object at 0x7f62281f0070>>
 Nguyen-5'_3_107,cos(x)/x,tensor(0.0110),-8049.262789250883
 Nguyen-5'_3_108,None,tensor(0.),<bound method Expression.r2 of <Expression.Expression object at 0x7f6230192ac0>>
 Nguyen-5'_3_109,2*x + tan(x),tensor(0.0607),-238.80783619217462
 Nguyen-5'_3_110,None,tensor(0.),<bound method Expression.r2 of <Expression.Expression object at 0x7f61f02f3940>>
 Nguyen-5'_3_111,None,tensor(0.),<bound method Expression.r2 of <Expression.Expression object at 0x7f61f02f3100>>
 Nguyen-5'_3_112,x**2 + log(x),tensor(0.),0
 Nguyen-5'_3_113,None,tensor(0.),<bound method Expression.r2 of <Expression.Expression object at 0x7f62301ae130>>
 Nguyen-5'_3_114,None,tensor(0.),<bound method Expression.r2 of <Expression.Expression object at 0x7f62700eb460>>
 Nguyen-5'_3_115,x**2 - 2*sin(x),tensor(0.0616),-231.46502154948791
 Nguyen-5'_3_116,None,tensor(0.),<bound method Expression.r2 of <Expression.Expression object at 0x7f62700eb220>>
 Nguyen-5'_3_117,-x - cos(x),tensor(0.1235),-49.36518602159892
 Nguyen-5'_3_118,9*x/5,tensor(0.0757),-148.17379822868799
 Nguyen-5'_3_119,None,tensor(0.),<bound method Expression.r2 of <Expression.Expression object at 0x7f61f03a0220>>
 Nguyen-5'_3_120,None,tensor(0.),<bound method Expression.r2 of <Expression.Expression object at 0x7f61f057f070>>
 Nguyen-5'_3_121,x**2*cos(3),tensor(0.0988),-82.27332059608744
 Nguyen-5'_3_122,None,tensor(0.),<bound method Expression.r2 of <Expression.Expression object at 0x7f622810d640>>
 Nguyen-5'_3_123,None,tensor(0.),<bound method Expression.r2 of <Expression.Expression object at 0x7f622810d370>>
 Nguyen-5'_3_124,-x - log(cos(x)),tensor(0.0716),-167.17315410807265
 Nguyen-5'_3_125,x*exp(-1),tensor(0.0844),-116.81877641030688
 Nguyen-5'_3_126,2*x**6,tensor(0.0720),-165.21343549621722
 Nguyen-5'_3_127,None,tensor(0.),<bound method Expression.r2 of <Expression.Expression object at 0x7f6228168b50>>
 Nguyen-5'_4_0,cos(3*x + 1),tensor(0.0764),-144.9453379497518
 Nguyen-5'_4_1,None,tensor(0.),<bound method Expression.r2 of <Expression.Expression object at 0x7f623018e490>>
 Nguyen-5'_4_2,None,tensor(0.),<bound method Expression.r2 of <Expression.Expression object at 0x7f623018e5e0>>
 Nguyen-5'_4_3,None,tensor(0.),<bound method Expression.r2 of <Expression.Expression object at 0x7f62981da940>>
 Nguyen-5'_4_4,2*sinh(2*x),tensor(0.0411),-542.9683865338968
 Nguyen-5'_4_5,None,tensor(0.),<bound method Expression.r2 of <Expression.Expression object at 0x7f61eb087100>>
 Nguyen-5'_4_6,None,tensor(0.),<bound method Expression.r2 of <Expression.Expression object at 0x7f61eb087b50>>
 Nguyen-5'_4_7,None,tensor(0.),<bound method Expression.r2 of <Expression.Expression object at 0x7f62700b6a00>>
 Nguyen-5'_4_8,None,tensor(0.),<bound method Expression.r2 of <Expression.Expression object at 0x7f62700b6040>>
 Nguyen-5'_4_9,x*sinh(x)**2 + x,tensor(0.0758),-147.7553168656707
 Nguyen-5'_4_10,exp(x + 4),tensor(0.0022),-198422.00538973065
 Nguyen-5'_4_11,None,tensor(0.),<bound method Expression.r2 of <Expression.Expression object at 0x7f62280bcd90>>
 Nguyen-5'_4_12,None,tensor(0.),<bound method Expression.r2 of <Expression.Expression object at 0x7f61f042bbb0>>
 Nguyen-5'_4_13,x + cos(5),tensor(0.0723),-163.51714142997344
 Nguyen-5'_4_14,None,tensor(0.),<bound method Expression.r2 of <Expression.Expression object at 0x7f61f042b970>>
 Nguyen-5'_4_15,None,tensor(0.),<bound method Expression.r2 of <Expression.Expression object at 0x7f622803f3a0>>
 Nguyen-5'_4_16,None,tensor(0.),<bound method Expression.r2 of <Expression.Expression object at 0x7f622803f340>>
 Nguyen-5'_4_17,None,tensor(0.),<bound method Expression.r2 of <Expression.Expression object at 0x7f622803f280>>
 Nguyen-5'_4_18,None,tensor(0.),<bound method Expression.r2 of <Expression.Expression object at 0x7f622803faf0>>
 Nguyen-5'_4_19,None,tensor(0.),<bound method Expression.r2 of <Expression.Expression object at 0x7f61f04ec310>>
 Nguyen-5'_4_20,x*(5 - x),tensor(0.0478),-396.43801377431885
 Nguyen-5'_4_21,None,tensor(0.),<bound method Expression.r2 of <Expression.Expression object at 0x7f61f02f36a0>>
 Nguyen-5'_4_22,None,tensor(0.),<bound method Expression.r2 of <Expression.Expression object at 0x7f61f02f3c40>>
 Nguyen-5'_4_23,None,tensor(0.),<bound method Expression.r2 of <Expression.Expression object at 0x7f61eb0875e0>>
 Nguyen-5'_4_24,None,tensor(0.),<bound method Expression.r2 of <Expression.Expression object at 0x7f62300574c0>>
 Nguyen-5'_4_25,None,tensor(0.),<bound method Expression.r2 of <Expression.Expression object at 0x7f6230057d00>>
 Nguyen-5'_4_26,None,tensor(0.),<bound method Expression.r2 of <Expression.Expression object at 0x7f6230057520>>
 Nguyen-5'_4_27,None,tensor(0.),<bound method Expression.r2 of <Expression.Expression object at 0x7f6230057070>>
 Nguyen-5'_4_28,None,tensor(0.),<bound method Expression.r2 of <Expression.Expression object at 0x7f61e80ea8e0>>
 Nguyen-5'_4_29,x/(x + 3),tensor(0.0860),-111.82302590170956
 Nguyen-5'_4_30,None,tensor(0.),<bound method Expression.r2 of <Expression.Expression object at 0x7f61e80ea820>>
 Nguyen-5'_4_31,sin(x)/2,tensor(0.0842),-117.17737352402271
 Nguyen-5'_4_32,None,tensor(0.),<bound method Expression.r2 of <Expression.Expression object at 0x7f6228123dc0>>
 Nguyen-5'_4_33,None,tensor(0.),<bound method Expression.r2 of <Expression.Expression object at 0x7f6270135b20>>
 Nguyen-5'_4_34,x*(x + 5),tensor(0.0448),-453.7870032371668
 Nguyen-5'_4_35,None,tensor(0.),<bound method Expression.r2 of <Expression.Expression object at 0x7f62700eba60>>
 Nguyen-5'_4_36,None,tensor(0.),<bound method Expression.r2 of <Expression.Expression object at 0x7f6270135670>>
 Nguyen-5'_4_37,None,tensor(0.),<bound method Expression.r2 of <Expression.Expression object at 0x7f61eb1f3790>>
 Nguyen-5'_4_38,None,tensor(0.),<bound method Expression.r2 of <Expression.Expression object at 0x7f61f0297370>>
 Nguyen-5'_4_39,(x + sin(x))**2,tensor(0.0488),-379.0419001396089
 Nguyen-5'_4_40,None,tensor(0.),<bound method Expression.r2 of <Expression.Expression object at 0x7f61f02974c0>>
 Nguyen-5'_4_41,x*(x + exp(x)) + 2*x,tensor(0.0508),-348.40148667931123
 Nguyen-5'_4_42,None,tensor(0.),<bound method Expression.r2 of <Expression.Expression object at 0x7f62780bdac0>>
 Nguyen-5'_4_43,4*x**(5/2),tensor(0.),0
 Nguyen-5'_4_44,x**2 + x*sin(1),tensor(0.0710),-170.38027665279958
 Nguyen-5'_4_45,None,tensor(0.),<bound method Expression.r2 of <Expression.Expression object at 0x7f62280b49a0>>
 Nguyen-5'_4_46,2*x + tan(x),tensor(0.0607),-238.80783619217462
 Nguyen-5'_4_47,None,tensor(0.),<bound method Expression.r2 of <Expression.Expression object at 0x7f6228168df0>>
 Nguyen-5'_4_48,x*(x + 1),tensor(0.0705),-172.67975465401133
 Nguyen-5'_4_49,-2*x,tensor(0.0682),-185.65118488467854
 Nguyen-5'_4_50,sqrt(2)*x**3,tensor(0.0826),-122.36301416360195
 Nguyen-5'_4_51,None,tensor(0.),<bound method Expression.r2 of <Expression.Expression object at 0x7f62301ae250>>
 Nguyen-5'_4_52,None,tensor(0.),<bound method Expression.r2 of <Expression.Expression object at 0x7f6228123670>>
 Nguyen-5'_4_53,x**2 + sin(x),tensor(0.0708),-171.33125306988157
 Nguyen-5'_4_54,x + tan(x + 4),tensor(0.0159),-3827.92638252239
 Nguyen-5'_4_55,None,tensor(0.),<bound method Expression.r2 of <Expression.Expression object at 0x7f62701f1af0>>
 Nguyen-5'_4_56,x**2 + 5*x,tensor(0.0448),-453.7870032371668
 Nguyen-5'_4_57,None,tensor(0.),<bound method Expression.r2 of <Expression.Expression object at 0x7f6228123d60>>
 Nguyen-5'_4_58,None,tensor(0.),<bound method Expression.r2 of <Expression.Expression object at 0x7f6228123a00>>
 Nguyen-5'_4_59,None,tensor(0.),<bound method Expression.r2 of <Expression.Expression object at 0x7f62281230a0>>
 Nguyen-5'_4_60,None,tensor(0.),<bound method Expression.r2 of <Expression.Expression object at 0x7f61f042b550>>
 Nguyen-5'_4_61,x*tan(x**2),tensor(0.0829),-121.38004397727205
 Nguyen-5'_4_62,None,tensor(0.),<bound method Expression.r2 of <Expression.Expression object at 0x7f61f042b280>>
 Nguyen-5'_4_63,None,tensor(0.),<bound method Expression.r2 of <Expression.Expression object at 0x7f62700b6e80>>
 Nguyen-5'_4_64,None,tensor(0.),<bound method Expression.r2 of <Expression.Expression object at 0x7f62700b62e0>>
 Nguyen-5'_4_65,None,tensor(0.),<bound method Expression.r2 of <Expression.Expression object at 0x7f62700b6700>>
 Nguyen-5'_4_66,x**3 + 5*x,tensor(0.0428),-498.82631045435096
 Nguyen-5'_4_67,None,tensor(0.),<bound method Expression.r2 of <Expression.Expression object at 0x7f622803f8e0>>
 Nguyen-5'_4_68,x + 4*log(x + 1),tensor(0.0338),-814.3065523489438
 Nguyen-5'_4_69,None,tensor(0.),<bound method Expression.r2 of <Expression.Expression object at 0x7f62700b6df0>>
 Nguyen-5'_4_70,None,tensor(0.),<bound method Expression.r2 of <Expression.Expression object at 0x7f62700b6880>>
 Nguyen-5'_4_71,None,tensor(0.),<bound method Expression.r2 of <Expression.Expression object at 0x7f62700de400>>
 Nguyen-5'_4_72,None,tensor(0.),<bound method Expression.r2 of <Expression.Expression object at 0x7f62700de040>>
 Nguyen-5'_4_73,None,tensor(0.),<bound method Expression.r2 of <Expression.Expression object at 0x7f62700deac0>>
 Nguyen-5'_4_74,None,tensor(0.),<bound method Expression.r2 of <Expression.Expression object at 0x7f62700ded30>>
 Nguyen-5'_4_75,sin(x + 5),tensor(0.1443),-34.15166752853967
 Nguyen-5'_4_76,None,tensor(0.),<bound method Expression.r2 of <Expression.Expression object at 0x7f62700de7c0>>
 Nguyen-5'_4_77,x/4,tensor(0.0844),-116.68834954624776
 Nguyen-5'_4_78,None,tensor(0.),<bound method Expression.r2 of <Expression.Expression object at 0x7f61f03a05b0>>
 Nguyen-5'_4_79,None,tensor(0.),<bound method Expression.r2 of <Expression.Expression object at 0x7f62280bc790>>
 Nguyen-5'_4_80,None,tensor(0.),<bound method Expression.r2 of <Expression.Expression object at 0x7f62280bc8e0>>
 Nguyen-5'_4_81,None,tensor(0.),<bound method Expression.r2 of <Expression.Expression object at 0x7f62280bc0d0>>
 Nguyen-5'_4_82,sinh(3*x),tensor(0.0359),-719.5965241991132
 Nguyen-5'_4_83,2*x*(x + 4),tensor(0.0308),-990.1465351654603
 Nguyen-5'_4_84,None,tensor(0.),<bound method Expression.r2 of <Expression.Expression object at 0x7f61f05d4fa0>>
 Nguyen-5'_4_85,None,tensor(0.),<bound method Expression.r2 of <Expression.Expression object at 0x7f61f05d4dc0>>
 Nguyen-5'_4_86,None,tensor(0.),<bound method Expression.r2 of <Expression.Expression object at 0x7f61f05d4e80>>
 Nguyen-5'_4_87,None,tensor(0.),<bound method Expression.r2 of <Expression.Expression object at 0x7f61f05d4640>>
 Nguyen-5'_4_88,cos(4*x),tensor(0.0853),-113.91020451725335
 Nguyen-5'_4_89,None,tensor(0.),<bound method Expression.r2 of <Expression.Expression object at 0x7f6278097f10>>
 Nguyen-5'_4_90,None,tensor(0.),<bound method Expression.r2 of <Expression.Expression object at 0x7f6278097ca0>>
 Nguyen-5'_4_91,None,tensor(0.),<bound method Expression.r2 of <Expression.Expression object at 0x7f62780973d0>>
 Nguyen-5'_4_92,None,tensor(0.),<bound method Expression.r2 of <Expression.Expression object at 0x7f6278097700>>
 Nguyen-5'_4_93,x*tanh(x**2) + x,tensor(0.0783),-137.66776802596584
 Nguyen-5'_4_94,x - 3*atanh(x),tensor(0.0535),-311.8913148756625
 Nguyen-5'_4_95,None,tensor(0.),<bound method Expression.r2 of <Expression.Expression object at 0x7f61f05d4250>>
 Nguyen-5'_4_96,x**2 - cos(x),tensor(0.1100),-64.48262692973695
 Nguyen-5'_4_97,None,tensor(0.),<bound method Expression.r2 of <Expression.Expression object at 0x7f61f042b610>>
 Nguyen-5'_4_98,None,tensor(0.),<bound method Expression.r2 of <Expression.Expression object at 0x7f62281f0ee0>>
 Nguyen-5'_4_99,None,tensor(0.),<bound method Expression.r2 of <Expression.Expression object at 0x7f62281f0c10>>
 Nguyen-5'_4_100,None,tensor(0.),<bound method Expression.r2 of <Expression.Expression object at 0x7f62281f0460>>
 Nguyen-5'_4_101,-x**2 + 2*x,tensor(0.0811),-127.30476128599338
 Nguyen-5'_4_102,None,tensor(0.),<bound method Expression.r2 of <Expression.Expression object at 0x7f61f042bca0>>
 Nguyen-5'_4_103,None,tensor(0.),<bound method Expression.r2 of <Expression.Expression object at 0x7f62700de460>>
 Nguyen-5'_4_104,None,tensor(0.),<bound method Expression.r2 of <Expression.Expression object at 0x7f62700de220>>
 Nguyen-5'_4_105,exp(x) - 2,tensor(0.1288),-44.765289595317356
 Nguyen-5'_4_106,None,tensor(0.),<bound method Expression.r2 of <Expression.Expression object at 0x7f61f05d4d90>>
 Nguyen-5'_4_107,x**4*(x + 4),tensor(0.0557),-285.9518542839145
 Nguyen-5'_4_108,None,tensor(0.),<bound method Expression.r2 of <Expression.Expression object at 0x7f62280bc9d0>>
 Nguyen-5'_4_109,sin(6*x)/6,tensor(0.0835),-119.45310129335381
 Nguyen-5'_4_110,None,tensor(0.),<bound method Expression.r2 of <Expression.Expression object at 0x7f62280bcf70>>
 Nguyen-5'_4_111,None,tensor(0.),<bound method Expression.r2 of <Expression.Expression object at 0x7f6230057d60>>
 Nguyen-5'_4_112,None,tensor(0.),<bound method Expression.r2 of <Expression.Expression object at 0x7f62300f2f70>>
 Nguyen-5'_4_113,None,tensor(0.),<bound method Expression.r2 of <Expression.Expression object at 0x7f62700de340>>
 Nguyen-5'_4_114,None,tensor(0.),<bound method Expression.r2 of <Expression.Expression object at 0x7f62700de7f0>>
 Nguyen-5'_4_115,None,tensor(0.),<bound method Expression.r2 of <Expression.Expression object at 0x7f62700de910>>
 Nguyen-5'_4_116,None,tensor(0.),<bound method Expression.r2 of <Expression.Expression object at 0x7f62700dea00>>
 Nguyen-5'_4_117,(1 - x)/x,tensor(0.0110),-8060.190131566375
 Nguyen-5'_4_118,None,tensor(0.),<bound method Expression.r2 of <Expression.Expression object at 0x7f62700b67c0>>
 Nguyen-5'_4_119,None,tensor(0.),<bound method Expression.r2 of <Expression.Expression object at 0x7f61f04ec6d0>>
 Nguyen-5'_4_120,None,tensor(0.),<bound method Expression.r2 of <Expression.Expression object at 0x7f61f04ec580>>
 Nguyen-5'_4_121,None,tensor(0.),<bound method Expression.r2 of <Expression.Expression object at 0x7f61f04ec850>>
 Nguyen-5'_4_122,None,tensor(0.),<bound method Expression.r2 of <Expression.Expression object at 0x7f61f04ecd90>>
 Nguyen-5'_4_123,None,tensor(0.),<bound method Expression.r2 of <Expression.Expression object at 0x7f61f04ec8b0>>
 Nguyen-5'_4_124,x**2*cos(2),tensor(0.0902),-100.84621302967038
 Nguyen-5'_4_125,None,tensor(0.),<bound method Expression.r2 of <Expression.Expression object at 0x7f622803f970>>
 Nguyen-5'_4_126,cos(2*x + 3),tensor(0.1046),-72.22990637569477
 Nguyen-5'_4_127,None,tensor(0.),<bound method Expression.r2 of <Expression.Expression object at 0x7f61e80ea670>>
 Nguyen-5'_5_0,None,tensor(0.),<bound method Expression.r2 of <Expression.Expression object at 0x7f62b8060e20>>
 Nguyen-5'_5_1,None,tensor(0.),<bound method Expression.r2 of <Expression.Expression object at 0x7f62281f4a00>>
 Nguyen-5'_5_2,None,tensor(0.),<bound method Expression.r2 of <Expression.Expression object at 0x7f61f03a0310>>
 Nguyen-5'_5_3,None,tensor(0.),<bound method Expression.r2 of <Expression.Expression object at 0x7f6270130cd0>>
 Nguyen-5'_5_4,None,tensor(0.),<bound method Expression.r2 of <Expression.Expression object at 0x7f62e8047f40>>
 Nguyen-5'_5_5,2*x*exp(2*x),tensor(0.0321),-911.0611772355647
 Nguyen-5'_5_6,x + 2*exp(x),tensor(0.0358),-723.0504580552027
 Nguyen-5'_5_7,None,tensor(0.),<bound method Expression.r2 of <Expression.Expression object at 0x7f622810d7c0>>
 Nguyen-5'_5_8,x*sinh(x) + x,tensor(0.0694),-178.86116068755837
 Nguyen-5'_5_9,16*x**2,tensor(0.0183),-2886.6321845949433
 Nguyen-5'_5_10,None,tensor(0.),<bound method Expression.r2 of <Expression.Expression object at 0x7f61f057f1f0>>
 Nguyen-5'_5_11,3*x + exp(x),tensor(0.0428),-499.5896331062579
 Nguyen-5'_5_12,None,tensor(0.),<bound method Expression.r2 of <Expression.Expression object at 0x7f6228123f10>>
 Nguyen-5'_5_13,None,tensor(0.),<bound method Expression.r2 of <Expression.Expression object at 0x7f6228123b50>>
 Nguyen-5'_5_14,None,tensor(0.),<bound method Expression.r2 of <Expression.Expression object at 0x7f6228123340>>
 Nguyen-5'_5_15,None,tensor(0.),<bound method Expression.r2 of <Expression.Expression object at 0x7f61f0573a90>>
 Nguyen-5'_5_16,None,tensor(0.),<bound method Expression.r2 of <Expression.Expression object at 0x7f61f0573a30>>
 Nguyen-5'_5_17,None,tensor(0.),<bound method Expression.r2 of <Expression.Expression object at 0x7f61f0573bb0>>
 Nguyen-5'_5_18,x + sin(x) + 4,tensor(0.0274),-1258.643275807014
 Nguyen-5'_5_19,cos(4*x)/4,tensor(0.0858),-112.67364868355565
 Nguyen-5'_5_20,x + cosh(x) + 1,tensor(0.0397),-585.2518890427547
 Nguyen-5'_5_21,None,tensor(0.),<bound method Expression.r2 of <Expression.Expression object at 0x7f62781c39a0>>
 Nguyen-5'_5_22,None,tensor(0.),<bound method Expression.r2 of <Expression.Expression object at 0x7f62281f0820>>
 Nguyen-5'_5_23,8*x**4,tensor(0.0391),-603.5745945226133
 Nguyen-5'_5_24,None,tensor(0.),<bound method Expression.r2 of <Expression.Expression object at 0x7f62700b6820>>
 Nguyen-5'_5_25,None,tensor(0.),<bound method Expression.r2 of <Expression.Expression object at 0x7f62700b6af0>>
 Nguyen-5'_5_26,None,tensor(0.),<bound method Expression.r2 of <Expression.Expression object at 0x7f61f01a7eb0>>
 Nguyen-5'_5_27,None,tensor(0.),<bound method Expression.r2 of <Expression.Expression object at 0x7f61f01a71f0>>
 Nguyen-5'_5_28,None,tensor(0.),<bound method Expression.r2 of <Expression.Expression object at 0x7f61f01a7130>>
 Nguyen-5'_5_29,None,tensor(0.),<bound method Expression.r2 of <Expression.Expression object at 0x7f61f01a7520>>
 Nguyen-5'_5_30,2*x,tensor(0.0737),-156.93042877050974
 Nguyen-5'_5_31,None,tensor(0.),<bound method Expression.r2 of <Expression.Expression object at 0x7f61f04ec2e0>>
 Nguyen-5'_5_32,x*acos(x) + 5*x,tensor(0.0382),-634.4405701547349
 Nguyen-5'_5_33,x - cos(x),tensor(0.1334),-41.202427187248155
 Nguyen-5'_5_34,1/3,tensor(0.),0
 Nguyen-5'_5_35,cos(acosh(x)),tensor(0.),0
 Nguyen-5'_5_36,None,tensor(0.),<bound method Expression.r2 of <Expression.Expression object at 0x7f62281f06a0>>
 Nguyen-5'_5_37,None,tensor(0.),<bound method Expression.r2 of <Expression.Expression object at 0x7f61f04dee80>>
 Nguyen-5'_5_38,None,tensor(0.),<bound method Expression.r2 of <Expression.Expression object at 0x7f61f04deeb0>>
 Nguyen-5'_5_39,-cos(x),tensor(0.1485),-31.872400883989044
 Nguyen-5'_5_40,None,tensor(0.),<bound method Expression.r2 of <Expression.Expression object at 0x7f61f042b7c0>>
 Nguyen-5'_5_41,None,tensor(0.),<bound method Expression.r2 of <Expression.Expression object at 0x7f62700eb5b0>>
 Nguyen-5'_5_42,None,tensor(0.),<bound method Expression.r2 of <Expression.Expression object at 0x7f61f02f6b80>>
 Nguyen-5'_5_43,None,tensor(0.),<bound method Expression.r2 of <Expression.Expression object at 0x7f61f02f6910>>
 Nguyen-5'_5_44,None,tensor(0.),<bound method Expression.r2 of <Expression.Expression object at 0x7f61f05d4940>>
 Nguyen-5'_5_45,None,tensor(0.),<bound method Expression.r2 of <Expression.Expression object at 0x7f61f05d4040>>
 Nguyen-5'_5_46,x*(x + cos(x)),tensor(0.0711),-169.5566631053174
 Nguyen-5'_5_47,-3*x**2,tensor(0.1142),-59.19834275306335
 Nguyen-5'_5_48,None,tensor(0.),<bound method Expression.r2 of <Expression.Expression object at 0x7f61f057fd00>>
 Nguyen-5'_5_49,None,tensor(0.),<bound method Expression.r2 of <Expression.Expression object at 0x7f61f057f5e0>>
 Nguyen-5'_5_50,2*x + tan(3),tensor(0.0777),-139.95579257600718
 Nguyen-5'_5_51,log(cos(x)) - 1,tensor(0.1988),-15.25082767803454
 Nguyen-5'_5_52,x**2 + 2*x,tensor(0.0655),-202.72234963849672
 Nguyen-5'_5_53,None,tensor(0.),<bound method Expression.r2 of <Expression.Expression object at 0x7f622810dd90>>
 Nguyen-5'_5_54,None,tensor(0.),<bound method Expression.r2 of <Expression.Expression object at 0x7f622810d460>>
 Nguyen-5'_5_55,2*x + cos(x) + 3,tensor(0.0281),-1193.7942765456996
 Nguyen-5'_5_56,None,tensor(0.),<bound method Expression.r2 of <Expression.Expression object at 0x7f62301ae6d0>>
 Nguyen-5'_5_57,None,tensor(0.),<bound method Expression.r2 of <Expression.Expression object at 0x7f62701309d0>>
 Nguyen-5'_5_58,None,tensor(0.),<bound method Expression.r2 of <Expression.Expression object at 0x7f62701305e0>>
 Nguyen-5'_5_59,None,tensor(0.),<bound method Expression.r2 of <Expression.Expression object at 0x7f62701301f0>>
 Nguyen-5'_5_60,None,tensor(0.),<bound method Expression.r2 of <Expression.Expression object at 0x7f61f054c6d0>>
 Nguyen-5'_5_61,(x + 1)/x,tensor(0.0109),-8174.819212199463
 Nguyen-5'_5_62,None,tensor(0.),<bound method Expression.r2 of <Expression.Expression object at 0x7f62e8047cd0>>
 Nguyen-5'_5_63,2/x,tensor(0.0055),-32264.618163529954
 Nguyen-5'_5_64,None,tensor(0.),<bound method Expression.r2 of <Expression.Expression object at 0x7f622803ffd0>>
 Nguyen-5'_5_65,None,tensor(0.),<bound method Expression.r2 of <Expression.Expression object at 0x7f623008b910>>
 Nguyen-5'_5_66,None,tensor(0.),<bound method Expression.r2 of <Expression.Expression object at 0x7f623008b6d0>>
 Nguyen-5'_5_67,x**2 + sin(x) + 2,tensor(0.0381),-635.480648116866
 Nguyen-5'_5_68,None,tensor(0.),<bound method Expression.r2 of <Expression.Expression object at 0x7f6278087a90>>
 Nguyen-5'_5_69,3*x - 3*log(cos(x)),tensor(0.0546),-298.9623946614331
 Nguyen-5'_5_70,x**2*sin(x) + x**2,tensor(0.0715),-167.7821581585963
 Nguyen-5'_5_71,None,tensor(0.),<bound method Expression.r2 of <Expression.Expression object at 0x7f61f03e19a0>>
 Nguyen-5'_5_72,None,tensor(0.),<bound method Expression.r2 of <Expression.Expression object at 0x7f61f054ca90>>
 Nguyen-5'_5_73,None,tensor(0.),<bound method Expression.r2 of <Expression.Expression object at 0x7f61f054c430>>
 Nguyen-5'_5_74,2*x*acosh(x),tensor(0.),0
 Nguyen-5'_5_75,9*x**(9/2),tensor(0.),0
 Nguyen-5'_5_76,2*x + 2*sin(x),tensor(0.0558),-284.82136010168864
 Nguyen-5'_5_77,(x + 7)/x,tensor(0.0016),-396172.89262387477
 Nguyen-5'_5_78,None,tensor(0.),<bound method Expression.r2 of <Expression.Expression object at 0x7f61f05c5700>>
 Nguyen-5'_5_79,None,tensor(0.),<bound method Expression.r2 of <Expression.Expression object at 0x7f61eb1f3d30>>
 Nguyen-5'_5_80,None,tensor(0.),<bound method Expression.r2 of <Expression.Expression object at 0x7f61f03a0c40>>
 Nguyen-5'_5_81,None,tensor(0.),<bound method Expression.r2 of <Expression.Expression object at 0x7f61f03a0820>>
 Nguyen-5'_5_82,x**2*cos(x)/2,tensor(0.0791),-134.3742742414843
 Nguyen-5'_5_83,None,tensor(0.),<bound method Expression.r2 of <Expression.Expression object at 0x7f62280d1eb0>>
 Nguyen-5'_5_84,None,tensor(0.),<bound method Expression.r2 of <Expression.Expression object at 0x7f6270130eb0>>
 Nguyen-5'_5_85,None,tensor(0.),<bound method Expression.r2 of <Expression.Expression object at 0x7f6270130c70>>
 Nguyen-5'_5_86,None,tensor(0.),<bound method Expression.r2 of <Expression.Expression object at 0x7f6270130b20>>
 Nguyen-5'_5_87,log(x + 5),tensor(0.0461),-426.5500698403433
 Nguyen-5'_5_88,None,tensor(0.),<bound method Expression.r2 of <Expression.Expression object at 0x7f6270130af0>>
 Nguyen-5'_5_89,x**3 - log(cos(x)),tensor(0.0765),-144.59999853413277
 Nguyen-5'_5_90,x**4/4 + x,tensor(0.0803),-130.04256136642852
 Nguyen-5'_5_91,cosh(2*x),tensor(0.0423),-512.4766550696041
 Nguyen-5'_5_92,None,tensor(0.),<bound method Expression.r2 of <Expression.Expression object at 0x7f61f04dc430>>
 Nguyen-5'_5_93,x**2 + sin(x),tensor(0.0708),-171.33125306988157
 Nguyen-5'_5_94,1,tensor(0.),0
 Nguyen-5'_5_95,-x + sin(x),tensor(0.0838),-118.55803425446825
 Nguyen-5'_5_96,None,tensor(0.),<bound method Expression.r2 of <Expression.Expression object at 0x7f6270135b50>>
 Nguyen-5'_5_97,None,tensor(0.),<bound method Expression.r2 of <Expression.Expression object at 0x7f61f01a7340>>
 Nguyen-5'_5_98,5*sin(x**2),tensor(0.0432),-490.3996480846475
 Nguyen-5'_5_99,cos(sin(x)),tensor(0.0580),-262.3477111667925
 Nguyen-5'_5_100,None,tensor(0.),<bound method Expression.r2 of <Expression.Expression object at 0x7f623008b880>>
 Nguyen-5'_5_101,None,tensor(0.),<bound method Expression.r2 of <Expression.Expression object at 0x7f61f037f0d0>>
 Nguyen-5'_5_102,None,tensor(0.),<bound method Expression.r2 of <Expression.Expression object at 0x7f61f037f7f0>>
 Nguyen-5'_5_103,None,tensor(0.),<bound method Expression.r2 of <Expression.Expression object at 0x7f61f037f3a0>>
 Nguyen-5'_5_104,1122*x*sin(x),tensor(0.0004),-8050591.875355614
 Nguyen-5'_5_105,None,tensor(0.),<bound method Expression.r2 of <Expression.Expression object at 0x7f62301ae9a0>>
 Nguyen-5'_5_106,x/(sqrt(x) + x),tensor(0.),0
 Nguyen-5'_5_107,None,tensor(0.),<bound method Expression.r2 of <Expression.Expression object at 0x7f6230057a90>>
 Nguyen-5'_5_108,None,tensor(0.),<bound method Expression.r2 of <Expression.Expression object at 0x7f61f05d4850>>
 Nguyen-5'_5_109,8*x**(2/7),tensor(0.),0
 Nguyen-5'_5_110,None,tensor(0.),<bound method Expression.r2 of <Expression.Expression object at 0x7f62700b66d0>>
 Nguyen-5'_5_111,None,tensor(0.),<bound method Expression.r2 of <Expression.Expression object at 0x7f62700b6760>>
 Nguyen-5'_5_112,x - 1,tensor(0.1468),-32.75978851339325
 Nguyen-5'_5_113,None,tensor(0.),<bound method Expression.r2 of <Expression.Expression object at 0x7f62700eb730>>
 Nguyen-5'_5_114,None,tensor(0.),<bound method Expression.r2 of <Expression.Expression object at 0x7f62700b6670>>
 Nguyen-5'_5_115,x*tanh(2*x)/2,tensor(0.0759),-147.26898317394702
 Nguyen-5'_5_116,None,tensor(0.),<bound method Expression.r2 of <Expression.Expression object at 0x7f61f04ecd30>>
 Nguyen-5'_5_117,5*x**2/2,tensor(0.0565),-277.4938769512103
 Nguyen-5'_5_118,None,tensor(0.),<bound method Expression.r2 of <Expression.Expression object at 0x7f61f05c5d00>>
 Nguyen-5'_5_119,log(x)/2,tensor(0.),0
 Nguyen-5'_5_120,None,tensor(0.),<bound method Expression.r2 of <Expression.Expression object at 0x7f6270130610>>
 Nguyen-5'_5_121,None,tensor(0.),<bound method Expression.r2 of <Expression.Expression object at 0x7f61f054c4f0>>
 Nguyen-5'_5_122,None,tensor(0.),<bound method Expression.r2 of <Expression.Expression object at 0x7f61f054c070>>
 Nguyen-5'_5_123,None,tensor(0.),<bound method Expression.r2 of <Expression.Expression object at 0x7f61f054ceb0>>
 Nguyen-5'_5_124,None,tensor(0.),<bound method Expression.r2 of <Expression.Expression object at 0x7f6228123970>>
 Nguyen-5'_5_125,None,tensor(0.),<bound method Expression.r2 of <Expression.Expression object at 0x7f62281238b0>>
 Nguyen-5'_5_126,sin(x/3),tensor(0.0844),-116.73827630983499
 Nguyen-5'_5_127,None,tensor(0.),<bound method Expression.r2 of <Expression.Expression object at 0x7f6228168be0>>
 Nguyen-5'_6_0,None,tensor(0.),<bound method Expression.r2 of <Expression.Expression object at 0x7f61f01a7370>>
 Nguyen-5'_6_1,sqrt(x + 1),tensor(0.0567),-275.3295697824018
 Nguyen-5'_6_2,None,tensor(0.),<bound method Expression.r2 of <Expression.Expression object at 0x7f629803e5b0>>
 Nguyen-5'_6_3,x**5/35,tensor(0.0841),-117.55312532836815
 Nguyen-5'_6_4,x*(x**3 + x),tensor(0.0643),-210.96876906889304
 Nguyen-5'_6_5,None,tensor(0.),<bound method Expression.r2 of <Expression.Expression object at 0x7f62280b4430>>
 Nguyen-5'_6_6,None,tensor(0.),<bound method Expression.r2 of <Expression.Expression object at 0x7f62280b4370>>
 Nguyen-5'_6_7,1/(4*x**4),tensor(5.2849e-08),-358036015709047.94
 Nguyen-5'_6_8,None,tensor(0.),<bound method Expression.r2 of <Expression.Expression object at 0x7f61f05c52e0>>
 Nguyen-5'_6_9,4*x + exp(x),tensor(0.0389),-609.7890608479904
 Nguyen-5'_6_10,None,tensor(0.),<bound method Expression.r2 of <Expression.Expression object at 0x7f61f054c100>>
 Nguyen-5'_6_11,None,tensor(0.),<bound method Expression.r2 of <Expression.Expression object at 0x7f6230194220>>
 Nguyen-5'_6_12,sin(24*x),tensor(0.0807),-128.66815190797053
 Nguyen-5'_6_13,None,tensor(0.),<bound method Expression.r2 of <Expression.Expression object at 0x7f61f042bd60>>
 Nguyen-5'_6_14,None,tensor(0.),<bound method Expression.r2 of <Expression.Expression object at 0x7f61f0573130>>
 Nguyen-5'_6_15,2*x*log(x) + 2*x,tensor(0.),0
 Nguyen-5'_6_16,None,tensor(0.),<bound method Expression.r2 of <Expression.Expression object at 0x7f61f04dcca0>>
 Nguyen-5'_6_17,None,tensor(0.),<bound method Expression.r2 of <Expression.Expression object at 0x7f62281231f0>>
 Nguyen-5'_6_18,2*x + sin(x),tensor(0.0644),-209.91795870975488
 Nguyen-5'_6_19,None,tensor(0.),<bound method Expression.r2 of <Expression.Expression object at 0x7f6228123cd0>>
 Nguyen-5'_6_20,None,tensor(0.),<bound method Expression.r2 of <Expression.Expression object at 0x7f61f037fc70>>
 Nguyen-5'_6_21,None,tensor(0.),<bound method Expression.r2 of <Expression.Expression object at 0x7f61f037f430>>
 Nguyen-5'_6_22,x*log(2)/2,tensor(0.0844),-116.76760763016105
 Nguyen-5'_6_23,None,tensor(0.),<bound method Expression.r2 of <Expression.Expression object at 0x7f622803f4c0>>
 Nguyen-5'_6_24,sinh(2*x + 3),tensor(0.0062),-25993.613006558135
 Nguyen-5'_6_25,(x**2 + 1)/x,tensor(0.0109),-8161.61944404432
 Nguyen-5'_6_26,None,tensor(0.),<bound method Expression.r2 of <Expression.Expression object at 0x7f61f02a5190>>
 Nguyen-5'_6_27,x + E,tensor(0.0351),-754.4589286674526
 Nguyen-5'_6_28,None,tensor(0.),<bound method Expression.r2 of <Expression.Expression object at 0x7f61f02a5be0>>
 Nguyen-5'_6_29,x**3*sinh(1),tensor(0.0833),-119.95827976688804
 Nguyen-5'_6_30,None,tensor(0.),<bound method Expression.r2 of <Expression.Expression object at 0x7f61f037f5e0>>
 Nguyen-5'_6_31,2*x*exp(x),tensor(0.0536),-311.2275791037703
 Nguyen-5'_6_32,x*(sqrt(x) + x**2 + x),tensor(0.),0
 Nguyen-5'_6_33,x + (x**3 + x)/x,tensor(0.0496),-366.38628915824927
 Nguyen-5'_6_34,None,tensor(0.),<bound method Expression.r2 of <Expression.Expression object at 0x7f61f05ebd00>>
 Nguyen-5'_6_35,x*exp(acosh(2)),tensor(0.0565),-277.6451381612792
 Nguyen-5'_6_36,None,tensor(0.),<bound method Expression.r2 of <Expression.Expression object at 0x7f62301b47c0>>
 Nguyen-5'_6_37,None,tensor(0.),<bound method Expression.r2 of <Expression.Expression object at 0x7f62301b4d60>>
 Nguyen-5'_6_38,x**4*exp(2*x),tensor(0.0595),-248.44161431566312
 Nguyen-5'_6_39,None,tensor(0.),<bound method Expression.r2 of <Expression.Expression object at 0x7f62301aeb50>>
 Nguyen-5'_6_40,None,tensor(0.),<bound method Expression.r2 of <Expression.Expression object at 0x7f623013bd30>>
 Nguyen-5'_6_41,5*atan(x),tensor(0.0518),-333.5937535917429
 Nguyen-5'_6_42,sin(x + 2),tensor(0.0596),-248.00093535627212
 Nguyen-5'_6_43,None,tensor(0.),<bound method Expression.r2 of <Expression.Expression object at 0x7f62301b4760>>
 Nguyen-5'_6_44,x - 1,tensor(0.1468),-32.75978851339325
 Nguyen-5'_6_45,None,tensor(0.),<bound method Expression.r2 of <Expression.Expression object at 0x7f62301b4ac0>>
 Nguyen-5'_6_46,x + tanh(x + 3),tensor(0.0554),-289.1663948056133
 Nguyen-5'_6_47,None,tensor(0.),<bound method Expression.r2 of <Expression.Expression object at 0x7f623013b2e0>>
 Nguyen-5'_6_48,None,tensor(0.),<bound method Expression.r2 of <Expression.Expression object at 0x7f623013b2b0>>
 Nguyen-5'_6_49,None,tensor(0.),<bound method Expression.r2 of <Expression.Expression object at 0x7f623013b580>>
 Nguyen-5'_6_50,None,tensor(0.),<bound method Expression.r2 of <Expression.Expression object at 0x7f623013b0a0>>
 Nguyen-5'_6_51,None,tensor(0.),<bound method Expression.r2 of <Expression.Expression object at 0x7f623013be20>>
 Nguyen-5'_6_52,2/x,tensor(0.0055),-32264.618163529954
 Nguyen-5'_6_53,None,tensor(0.),<bound method Expression.r2 of <Expression.Expression object at 0x7f6230103940>>
 Nguyen-5'_6_54,None,tensor(0.),<bound method Expression.r2 of <Expression.Expression object at 0x7f6230103430>>
 Nguyen-5'_6_55,x*tan(8),tensor(0.0344),-786.5591700043123
 Nguyen-5'_6_56,x + log(2*x),tensor(0.),0
 Nguyen-5'_6_57,None,tensor(0.),<bound method Expression.r2 of <Expression.Expression object at 0x7f6230082670>>
 Nguyen-5'_6_58,3*x**2 + x,tensor(0.0530),-318.78522283694866
 Nguyen-5'_6_59,x*log(sinh(x) + 1) - x,tensor(0.),0
 Nguyen-5'_6_60,None,tensor(0.),<bound method Expression.r2 of <Expression.Expression object at 0x7f62301ae2e0>>
 Nguyen-5'_6_61,None,tensor(0.),<bound method Expression.r2 of <Expression.Expression object at 0x7f61f03e1b20>>
 Nguyen-5'_6_62,None,tensor(0.),<bound method Expression.r2 of <Expression.Expression object at 0x7f623013bbe0>>
 Nguyen-5'_6_63,None,tensor(0.),<bound method Expression.r2 of <Expression.Expression object at 0x7f62300f2610>>
 Nguyen-5'_6_64,None,tensor(0.),<bound method Expression.r2 of <Expression.Expression object at 0x7f62300f2dc0>>
 Nguyen-5'_6_65,20*x**2,tensor(0.0151),-4225.529070096039
 Nguyen-5'_6_66,x + cos(4),tensor(0.1172),-55.74201243363525
 Nguyen-5'_6_67,(2*x)**exp(2),tensor(0.),0
 Nguyen-5'_6_68,23*x**5/5,tensor(0.0698),-176.73732774913347
 Nguyen-5'_6_69,3*x + tan(x),tensor(0.0519),-333.1276816956197
 Nguyen-5'_6_70,None,tensor(0.),<bound method Expression.r2 of <Expression.Expression object at 0x7f61f0573c70>>
 Nguyen-5'_6_71,None,tensor(0.),<bound method Expression.r2 of <Expression.Expression object at 0x7f61f0573100>>
 Nguyen-5'_6_72,None,tensor(0.),<bound method Expression.r2 of <Expression.Expression object at 0x7f62700b63d0>>
 Nguyen-5'_6_73,None,tensor(0.),<bound method Expression.r2 of <Expression.Expression object at 0x7f6228168280>>
 Nguyen-5'_6_74,None,tensor(0.),<bound method Expression.r2 of <Expression.Expression object at 0x7f6228168ee0>>
 Nguyen-5'_6_75,None,tensor(0.),<bound method Expression.r2 of <Expression.Expression object at 0x7f61f02a5f10>>
 Nguyen-5'_6_76,None,tensor(0.),<bound method Expression.r2 of <Expression.Expression object at 0x7f61f02a5520>>
 Nguyen-5'_6_77,None,tensor(0.),<bound method Expression.r2 of <Expression.Expression object at 0x7f61f037f580>>
 Nguyen-5'_6_78,cos(x)**2,tensor(0.0610),-236.23356896528142
 Nguyen-5'_6_79,4*x**3,tensor(0.0674),-190.1781467845225
 Nguyen-5'_6_80,None,tensor(0.),<bound method Expression.r2 of <Expression.Expression object at 0x7f6230192e80>>
 Nguyen-5'_6_81,None,tensor(0.),<bound method Expression.r2 of <Expression.Expression object at 0x7f61f0297190>>
 Nguyen-5'_6_82,None,tensor(0.),<bound method Expression.r2 of <Expression.Expression object at 0x7f62280bc1f0>>
 Nguyen-5'_6_83,None,tensor(0.),<bound method Expression.r2 of <Expression.Expression object at 0x7f62280bc1c0>>
 Nguyen-5'_6_84,None,tensor(0.),<bound method Expression.r2 of <Expression.Expression object at 0x7f61e80ea6a0>>
 Nguyen-5'_6_85,None,tensor(0.),<bound method Expression.r2 of <Expression.Expression object at 0x7f61e80ea5b0>>
 Nguyen-5'_6_86,1/2,tensor(0.),0
 Nguyen-5'_6_87,x*(x + 1)**2,tensor(0.0593),-250.55680760708512
 Nguyen-5'_6_88,None,tensor(0.),<bound method Expression.r2 of <Expression.Expression object at 0x7f61f05c5340>>
 Nguyen-5'_6_89,x/(x + 3),tensor(0.0860),-111.82302590170956
 Nguyen-5'_6_90,None,tensor(0.),<bound method Expression.r2 of <Expression.Expression object at 0x7f6228168b20>>
 Nguyen-5'_6_91,None,tensor(0.),<bound method Expression.r2 of <Expression.Expression object at 0x7f6230072d00>>
 Nguyen-5'_6_92,None,tensor(0.),<bound method Expression.r2 of <Expression.Expression object at 0x7f62700b6190>>
 Nguyen-5'_6_93,x*(-x**2 + x + 1),tensor(0.0712),-169.10512698189447
 Nguyen-5'_6_94,-x + sin(x),tensor(0.0838),-118.55803425446825
 Nguyen-5'_6_95,27*x**4,tensor(0.0156),-4005.8743894950094
 Nguyen-5'_6_96,None,tensor(0.),<bound method Expression.r2 of <Expression.Expression object at 0x7f61e80ea730>>
 Nguyen-5'_6_97,None,tensor(0.),<bound method Expression.r2 of <Expression.Expression object at 0x7f62301aec40>>
 Nguyen-5'_6_98,x - 12,tensor(0.0155),-4031.106377120393
 Nguyen-5'_6_99,None,tensor(0.),<bound method Expression.r2 of <Expression.Expression object at 0x7f623008b490>>
 Nguyen-5'_6_100,None,tensor(0.),<bound method Expression.r2 of <Expression.Expression object at 0x7f6228123b20>>
 Nguyen-5'_6_101,None,tensor(0.),<bound method Expression.r2 of <Expression.Expression object at 0x7f61f02a5e50>>
 Nguyen-5'_6_102,None,tensor(0.),<bound method Expression.r2 of <Expression.Expression object at 0x7f61f02a5df0>>
 Nguyen-5'_6_103,None,tensor(0.),<bound method Expression.r2 of <Expression.Expression object at 0x7f61f02a55b0>>
 Nguyen-5'_6_104,3*x**2/2,tensor(0.0657),-201.42970971146576
 Nguyen-5'_6_105,None,tensor(0.),<bound method Expression.r2 of <Expression.Expression object at 0x7f61f02a5460>>
 Nguyen-5'_6_106,None,tensor(0.),<bound method Expression.r2 of <Expression.Expression object at 0x7f61f02a57c0>>
 Nguyen-5'_6_107,x*(x + 1),tensor(0.0705),-172.67975465401133
 Nguyen-5'_6_108,None,tensor(0.),<bound method Expression.r2 of <Expression.Expression object at 0x7f622814c700>>
 Nguyen-5'_6_109,x + asinh(x),tensor(0.0745),-153.45318870049766
 Nguyen-5'_6_110,None,tensor(0.),<bound method Expression.r2 of <Expression.Expression object at 0x7f61f037fb50>>
 Nguyen-5'_6_111,sqrt(x)/2 + 2*x,tensor(0.),0
 Nguyen-5'_6_112,None,tensor(0.),<bound method Expression.r2 of <Expression.Expression object at 0x7f62301032e0>>
 Nguyen-5'_6_113,x**2*log(x) + x,tensor(0.),0
 Nguyen-5'_6_114,x**6/10,tensor(0.0835),-119.47143863120554
 Nguyen-5'_6_115,None,tensor(0.),<bound method Expression.r2 of <Expression.Expression object at 0x7f61f05eb9d0>>
 Nguyen-5'_6_116,None,tensor(0.),<bound method Expression.r2 of <Expression.Expression object at 0x7f62701355b0>>
 Nguyen-5'_6_117,9*sin(x),tensor(0.0314),-947.5066794181986
 Nguyen-5'_6_118,None,tensor(0.),<bound method Expression.r2 of <Expression.Expression object at 0x7f61f054cbb0>>
 Nguyen-5'_6_119,None,tensor(0.),<bound method Expression.r2 of <Expression.Expression object at 0x7f62301b4250>>
 Nguyen-5'_6_120,None,tensor(0.),<bound method Expression.r2 of <Expression.Expression object at 0x7f62301b48b0>>
 Nguyen-5'_6_121,x**3/16,tensor(0.0842),-117.37023352645956
 Nguyen-5'_6_122,None,tensor(0.),<bound method Expression.r2 of <Expression.Expression object at 0x7f62280d1190>>
 Nguyen-5'_6_123,None,tensor(0.),<bound method Expression.r2 of <Expression.Expression object at 0x7f62280d1400>>
 Nguyen-5'_6_124,-x + exp(-x),tensor(0.0467),-415.90785130608293
 Nguyen-5'_6_125,None,tensor(0.),<bound method Expression.r2 of <Expression.Expression object at 0x7f6270135f10>>
 Nguyen-5'_6_126,None,tensor(0.),<bound method Expression.r2 of <Expression.Expression object at 0x7f6270135a60>>
 Nguyen-5'_6_127,None,tensor(0.),<bound method Expression.r2 of <Expression.Expression object at 0x7f6270130910>>
 Nguyen-5'_7_0,10*x**3/9,tensor(0.0835),-119.4246261478078
 Nguyen-5'_7_1,3*sin(2*x)/4,tensor(0.0820),-124.34957201041149
 Nguyen-5'_7_2,2*x + 2*sin(x),tensor(0.0558),-284.82136010168864
 Nguyen-5'_7_3,None,tensor(0.),<bound method Expression.r2 of <Expression.Expression object at 0x7f623008b070>>
 Nguyen-5'_7_4,-x**2/4,tensor(0.0877),-107.21746424588876
 Nguyen-5'_7_5,(x - 2)*exp(x),tensor(0.2258),-10.75118543969357
 Nguyen-5'_7_6,x**3 - acos(x),tensor(0.1282),-45.27561058558914
 Nguyen-5'_7_7,(x + 32)*exp(x),tensor(0.0037),-72396.60604762455
 Nguyen-5'_7_8,x*log(x) + 4*x,tensor(0.),0
 Nguyen-5'_7_9,None,tensor(0.),<bound method Expression.r2 of <Expression.Expression object at 0x7f61f02a5a30>>
 Nguyen-5'_7_10,None,tensor(0.),<bound method Expression.r2 of <Expression.Expression object at 0x7f622814c190>>
 Nguyen-5'_7_11,x*(x + cos(3)),tensor(0.0670),-192.69392009133574
 Nguyen-5'_7_12,None,tensor(0.),<bound method Expression.r2 of <Expression.Expression object at 0x7f622814c160>>
 Nguyen-5'_7_13,x*cos(x) + x,tensor(0.0764),-145.1958656757806
 Nguyen-5'_7_14,sqrt(x + 4),tensor(0.0415),-531.4618472772476
 Nguyen-5'_7_15,None,tensor(0.),<bound method Expression.r2 of <Expression.Expression object at 0x7f6228123700>>
 Nguyen-5'_7_16,None,tensor(0.),<bound method Expression.r2 of <Expression.Expression object at 0x7f622803f1f0>>
 Nguyen-5'_7_17,None,tensor(0.),<bound method Expression.r2 of <Expression.Expression object at 0x7f622803fc40>>
 Nguyen-5'_7_18,None,tensor(0.),<bound method Expression.r2 of <Expression.Expression object at 0x7f622803f6d0>>
 Nguyen-5'_7_19,None,tensor(0.),<bound method Expression.r2 of <Expression.Expression object at 0x7f61f05733d0>>
 Nguyen-5'_7_20,None,tensor(0.),<bound method Expression.r2 of <Expression.Expression object at 0x7f62300829d0>>
 Nguyen-5'_7_21,None,tensor(0.),<bound method Expression.r2 of <Expression.Expression object at 0x7f6230082580>>
 Nguyen-5'_7_22,None,tensor(0.),<bound method Expression.r2 of <Expression.Expression object at 0x7f6230082d30>>
 Nguyen-5'_7_23,None,tensor(0.),<bound method Expression.r2 of <Expression.Expression object at 0x7f62300820a0>>
 Nguyen-5'_7_24,None,tensor(0.),<bound method Expression.r2 of <Expression.Expression object at 0x7f61f046cdc0>>
 Nguyen-5'_7_25,None,tensor(0.),<bound method Expression.r2 of <Expression.Expression object at 0x7f61f046c670>>
 Nguyen-5'_7_26,None,tensor(0.),<bound method Expression.r2 of <Expression.Expression object at 0x7f61f046cb50>>
 Nguyen-5'_7_27,None,tensor(0.),<bound method Expression.r2 of <Expression.Expression object at 0x7f61f046c0a0>>
 Nguyen-5'_7_28,(x + cos(x))**3,tensor(0.0471),-407.8646478152293
 Nguyen-5'_7_29,None,tensor(0.),<bound method Expression.r2 of <Expression.Expression object at 0x7f62300f0d60>>
 Nguyen-5'_7_30,x**2*exp(3),tensor(0.0151),-4256.985113980346
 Nguyen-5'_7_31,x/(4 - x),tensor(0.0835),-119.49950496122109
 Nguyen-5'_7_32,-x**2 - x,tensor(0.0907),-99.57681176548881
 Nguyen-5'_7_33,None,tensor(0.),<bound method Expression.r2 of <Expression.Expression object at 0x7f61f042f340>>
 Nguyen-5'_7_34,None,tensor(0.),<bound method Expression.r2 of <Expression.Expression object at 0x7f623013bd00>>
 Nguyen-5'_7_35,None,tensor(0.),<bound method Expression.r2 of <Expression.Expression object at 0x7f61f05c5100>>
 Nguyen-5'_7_36,None,tensor(0.),<bound method Expression.r2 of <Expression.Expression object at 0x7f6278112190>>
 Nguyen-5'_7_37,None,tensor(0.),<bound method Expression.r2 of <Expression.Expression object at 0x7f61e80ea130>>
 Nguyen-5'_7_38,None,tensor(0.),<bound method Expression.r2 of <Expression.Expression object at 0x7f6230072b80>>
 Nguyen-5'_7_39,None,tensor(0.),<bound method Expression.r2 of <Expression.Expression object at 0x7f622810d940>>
 Nguyen-5'_7_40,None,tensor(0.),<bound method Expression.r2 of <Expression.Expression object at 0x7f61f0297490>>
 Nguyen-5'_7_41,x + sqrt(x**2 + 1),tensor(0.0527),-322.2944415180424
 Nguyen-5'_7_42,None,tensor(0.),<bound method Expression.r2 of <Expression.Expression object at 0x7f62700b6fa0>>
 Nguyen-5'_7_43,None,tensor(0.),<bound method Expression.r2 of <Expression.Expression object at 0x7f61f037fdf0>>
 Nguyen-5'_7_44,None,tensor(0.),<bound method Expression.r2 of <Expression.Expression object at 0x7f61f037f730>>
 Nguyen-5'_7_45,None,tensor(0.),<bound method Expression.r2 of <Expression.Expression object at 0x7f61f037f940>>
 Nguyen-5'_7_46,x**2*acosh(x),tensor(0.),0
 Nguyen-5'_7_47,None,tensor(0.),<bound method Expression.r2 of <Expression.Expression object at 0x7f62700b6b80>>
 Nguyen-5'_7_48,None,tensor(0.),<bound method Expression.r2 of <Expression.Expression object at 0x7f62700eb670>>
 Nguyen-5'_7_49,None,tensor(0.),<bound method Expression.r2 of <Expression.Expression object at 0x7f61f05c5e50>>
 Nguyen-5'_7_50,x/(x + 2),tensor(0.0880),-106.48110239066546
 Nguyen-5'_7_51,None,tensor(0.),<bound method Expression.r2 of <Expression.Expression object at 0x7f6230057100>>
 Nguyen-5'_7_52,None,tensor(0.),<bound method Expression.r2 of <Expression.Expression object at 0x7f62280b4850>>
 Nguyen-5'_7_53,None,tensor(0.),<bound method Expression.r2 of <Expression.Expression object at 0x7f61e80ea1f0>>
 Nguyen-5'_7_54,sin(x) + asin(x),tensor(0.0729),-160.58853071176515
 Nguyen-5'_7_55,None,tensor(0.),<bound method Expression.r2 of <Expression.Expression object at 0x7f6278112070>>
 Nguyen-5'_7_56,None,tensor(0.),<bound method Expression.r2 of <Expression.Expression object at 0x7f623013b190>>
 Nguyen-5'_7_57,None,tensor(0.),<bound method Expression.r2 of <Expression.Expression object at 0x7f623013b4c0>>
 Nguyen-5'_7_58,25*x**4/4,tensor(0.0450),-449.34404998804064
 Nguyen-5'_7_59,None,tensor(0.),<bound method Expression.r2 of <Expression.Expression object at 0x7f623013bee0>>
 Nguyen-5'_7_60,x*log(2*x) - x,tensor(0.),0
 Nguyen-5'_7_61,x**3 + 4,tensor(0.0275),-1246.7772223599588
 Nguyen-5'_7_62,2*x**2 + 2,tensor(0.0349),-763.3040901859603
 Nguyen-5'_7_63,-2*x + 4*log(x),tensor(0.),0
 Nguyen-5'_7_64,None,tensor(0.),<bound method Expression.r2 of <Expression.Expression object at 0x7f622803f1c0>>
 Nguyen-5'_7_65,2*x**3*acosh(x),tensor(0.),0
 Nguyen-5'_7_66,None,tensor(0.),<bound method Expression.r2 of <Expression.Expression object at 0x7f61f054cd60>>
 Nguyen-5'_7_67,None,tensor(0.),<bound method Expression.r2 of <Expression.Expression object at 0x7f61f03a0dc0>>
 Nguyen-5'_7_68,None,tensor(0.),<bound method Expression.r2 of <Expression.Expression object at 0x7f61f03a0fa0>>
 Nguyen-5'_7_69,x*(2*x + 7),tensor(0.0341),-802.1785046840367
 Nguyen-5'_7_70,2*x,tensor(0.0737),-156.93042877050974
 Nguyen-5'_7_71,None,tensor(0.),<bound method Expression.r2 of <Expression.Expression object at 0x7f62780d6280>>
 Nguyen-5'_7_72,2*x**2 + cos(x),tensor(0.0467),-415.47415644417805
 Nguyen-5'_7_73,None,tensor(0.),<bound method Expression.r2 of <Expression.Expression object at 0x7f6230100dc0>>
 Nguyen-5'_7_74,3*x**3 + tan(x),tensor(0.0614),-233.0390047069628
 Nguyen-5'_7_75,None,tensor(0.),<bound method Expression.r2 of <Expression.Expression object at 0x7f61f042b6a0>>
 Nguyen-5'_7_76,None,tensor(0.),<bound method Expression.r2 of <Expression.Expression object at 0x7f62280871c0>>
 Nguyen-5'_7_77,None,tensor(0.),<bound method Expression.r2 of <Expression.Expression object at 0x7f62300f01f0>>
 Nguyen-5'_7_78,None,tensor(0.),<bound method Expression.r2 of <Expression.Expression object at 0x7f62300f0070>>
 Nguyen-5'_7_79,None,tensor(0.),<bound method Expression.r2 of <Expression.Expression object at 0x7f62300f03a0>>
 Nguyen-5'_7_80,None,tensor(0.),<bound method Expression.r2 of <Expression.Expression object at 0x7f62300f04f0>>
 Nguyen-5'_7_81,None,tensor(0.),<bound method Expression.r2 of <Expression.Expression object at 0x7f62701301c0>>
 Nguyen-5'_7_82,x*(2*x + 5),tensor(0.0425),-506.71087804379664
 Nguyen-5'_7_83,None,tensor(0.),<bound method Expression.r2 of <Expression.Expression object at 0x7f6278184310>>
 Nguyen-5'_7_84,None,tensor(0.),<bound method Expression.r2 of <Expression.Expression object at 0x7f6278184e20>>
 Nguyen-5'_7_85,None,tensor(0.),<bound method Expression.r2 of <Expression.Expression object at 0x7f6278184460>>
 Nguyen-5'_7_86,None,tensor(0.),<bound method Expression.r2 of <Expression.Expression object at 0x7f6278184eb0>>
 Nguyen-5'_7_87,None,tensor(0.),<bound method Expression.r2 of <Expression.Expression object at 0x7f62301547c0>>
 Nguyen-5'_7_88,None,tensor(0.),<bound method Expression.r2 of <Expression.Expression object at 0x7f6230154c40>>
 Nguyen-5'_7_89,sin(x)*cos(x),tensor(0.0836),-119.15078942733517
 Nguyen-5'_7_90,None,tensor(0.),<bound method Expression.r2 of <Expression.Expression object at 0x7f623008bb80>>
 Nguyen-5'_7_91,None,tensor(0.),<bound method Expression.r2 of <Expression.Expression object at 0x7f623008b730>>
 Nguyen-5'_7_92,2*x*atanh(x),tensor(0.0521),-330.28085816439113
 Nguyen-5'_7_93,8*log(x),tensor(0.),0
 Nguyen-5'_7_94,None,tensor(0.),<bound method Expression.r2 of <Expression.Expression object at 0x7f61f04dc310>>
 Nguyen-5'_7_95,x*(x**2 + x),tensor(0.0714),-168.31339805682515
 Nguyen-5'_7_96,None,tensor(0.),<bound method Expression.r2 of <Expression.Expression object at 0x7f6278184670>>
 Nguyen-5'_7_97,None,tensor(0.),<bound method Expression.r2 of <Expression.Expression object at 0x7f62301008e0>>
 Nguyen-5'_7_98,None,tensor(0.),<bound method Expression.r2 of <Expression.Expression object at 0x7f6230100e20>>
 Nguyen-5'_7_99,exp(3*x + 4),tensor(0.0005),-3427281.8239129856
 Nguyen-5'_7_100,None,tensor(0.),<bound method Expression.r2 of <Expression.Expression object at 0x7f6230154370>>
 Nguyen-5'_7_101,None,tensor(0.),<bound method Expression.r2 of <Expression.Expression object at 0x7f62301543d0>>
 Nguyen-5'_7_102,None,tensor(0.),<bound method Expression.r2 of <Expression.Expression object at 0x7f6230154730>>
 Nguyen-5'_7_103,None,tensor(0.),<bound method Expression.r2 of <Expression.Expression object at 0x7f6230154670>>
 Nguyen-5'_7_104,None,tensor(0.),<bound method Expression.r2 of <Expression.Expression object at 0x7f6230154640>>
 Nguyen-5'_7_105,None,tensor(0.),<bound method Expression.r2 of <Expression.Expression object at 0x7f6230154d00>>
 Nguyen-5'_7_106,None,tensor(0.),<bound method Expression.r2 of <Expression.Expression object at 0x7f623008ba90>>
 Nguyen-5'_7_107,None,tensor(0.),<bound method Expression.r2 of <Expression.Expression object at 0x7f623008b970>>
 Nguyen-5'_7_108,tan(x/2),tensor(0.0841),-117.56910109500778
 Nguyen-5'_7_109,sin(x),tensor(0.0827),-122.18853096536145
 Nguyen-5'_7_110,None,tensor(0.),<bound method Expression.r2 of <Expression.Expression object at 0x7f6228123fa0>>
 Nguyen-5'_7_111,None,tensor(0.),<bound method Expression.r2 of <Expression.Expression object at 0x7f622814cfa0>>
 Nguyen-5'_7_112,None,tensor(0.),<bound method Expression.r2 of <Expression.Expression object at 0x7f622814c970>>
 Nguyen-5'_7_113,None,tensor(0.),<bound method Expression.r2 of <Expression.Expression object at 0x7f622814cd30>>
 Nguyen-5'_7_114,x + sinh(x) + 1,tensor(0.0526),-323.70935178781355
 Nguyen-5'_7_115,None,tensor(0.),<bound method Expression.r2 of <Expression.Expression object at 0x7f6230103910>>
 Nguyen-5'_7_116,x**3/3,tensor(0.0844),-116.69539866932149
 Nguyen-5'_7_117,sin(x)/3,tensor(0.0844),-116.72453612428141
 Nguyen-5'_7_118,None,tensor(0.),<bound method Expression.r2 of <Expression.Expression object at 0x7f61f0573940>>
 Nguyen-5'_7_119,tan(x + 3),tensor(0.0878),-106.94142786958226
 Nguyen-5'_7_120,None,tensor(0.),<bound method Expression.r2 of <Expression.Expression object at 0x7f61eb1f3250>>
 Nguyen-5'_7_121,None,tensor(0.),<bound method Expression.r2 of <Expression.Expression object at 0x7f62301b2a60>>
 Nguyen-5'_7_122,None,tensor(0.),<bound method Expression.r2 of <Expression.Expression object at 0x7f622814cc40>>
 Nguyen-5'_7_123,log(1/x),tensor(0.),0
 Nguyen-5'_7_124,None,tensor(0.),<bound method Expression.r2 of <Expression.Expression object at 0x7f62301b28b0>>
 Nguyen-5'_7_125,None,tensor(0.),<bound method Expression.r2 of <Expression.Expression object at 0x7f6230072df0>>
 Nguyen-5'_7_126,None,tensor(0.),<bound method Expression.r2 of <Expression.Expression object at 0x7f61f02837f0>>
 Nguyen-5'_7_127,None,tensor(0.),<bound method Expression.r2 of <Expression.Expression object at 0x7f61f02839a0>>
 Nguyen-5'_8_0,None,tensor(0.),<bound method Expression.r2 of <Expression.Expression object at 0x7f62780bd550>>
 Nguyen-5'_8_1,None,tensor(0.),<bound method Expression.r2 of <Expression.Expression object at 0x7f62301b44f0>>
 Nguyen-5'_8_2,1/8,tensor(0.),0
 Nguyen-5'_8_3,None,tensor(0.),<bound method Expression.r2 of <Expression.Expression object at 0x7f62700ebfa0>>
 Nguyen-5'_8_4,None,tensor(0.),<bound method Expression.r2 of <Expression.Expression object at 0x7f623013b070>>
 Nguyen-5'_8_5,None,tensor(0.),<bound method Expression.r2 of <Expression.Expression object at 0x7f623008bbb0>>
 Nguyen-5'_8_6,None,tensor(0.),<bound method Expression.r2 of <Expression.Expression object at 0x7f62301b4fd0>>
 Nguyen-5'_8_7,x*(x**4 + 1),tensor(0.0788),-135.5138877723653
 Nguyen-5'_8_8,None,tensor(0.),<bound method Expression.r2 of <Expression.Expression object at 0x7f61f03a08b0>>
 Nguyen-5'_8_9,None,tensor(0.),<bound method Expression.r2 of <Expression.Expression object at 0x7f61f0297e80>>
 Nguyen-5'_8_10,-x**4/2,tensor(0.0882),-105.90017890493269
 Nguyen-5'_8_11,1/(5 - x),tensor(0.0762),-145.95646549172247
 Nguyen-5'_8_12,None,tensor(0.),<bound method Expression.r2 of <Expression.Expression object at 0x7f6230082a60>>
 Nguyen-5'_8_13,-x - cos(x),tensor(0.1235),-49.36518602159892
 Nguyen-5'_8_14,None,tensor(0.),<bound method Expression.r2 of <Expression.Expression object at 0x7f623008b8b0>>
 Nguyen-5'_8_15,None,tensor(0.),<bound method Expression.r2 of <Expression.Expression object at 0x7f62301f5f40>>
 Nguyen-5'_8_16,None,tensor(0.),<bound method Expression.r2 of <Expression.Expression object at 0x7f61f0283040>>
 Nguyen-5'_8_17,-5*x/2,tensor(0.0631),-219.4169422699273
 Nguyen-5'_8_18,None,tensor(0.),<bound method Expression.r2 of <Expression.Expression object at 0x7f61f04dc160>>
 Nguyen-5'_8_19,None,tensor(0.),<bound method Expression.r2 of <Expression.Expression object at 0x7f6278184af0>>
 Nguyen-5'_8_20,None,tensor(0.),<bound method Expression.r2 of <Expression.Expression object at 0x7f62781840a0>>
 Nguyen-5'_8_21,None,tensor(0.),<bound method Expression.r2 of <Expression.Expression object at 0x7f61e80ea2e0>>
 Nguyen-5'_8_22,2*x + exp(2*x),tensor(0.0354),-742.9385325678476
 Nguyen-5'_8_23,None,tensor(0.),<bound method Expression.r2 of <Expression.Expression object at 0x7f61e80ea040>>
 Nguyen-5'_8_24,sin(x)/4,tensor(0.0844),-116.72640775204293
 Nguyen-5'_8_25,None,tensor(0.),<bound method Expression.r2 of <Expression.Expression object at 0x7f62780d6310>>
 Nguyen-5'_8_26,log(x + 1),tensor(0.0854),-113.56910661102897
 Nguyen-5'_8_27,4*x**2*(x + 4),tensor(0.0185),-2823.982121733742
 Nguyen-5'_8_28,None,tensor(0.),<bound method Expression.r2 of <Expression.Expression object at 0x7f61f046c4c0>>
 Nguyen-5'_8_29,None,tensor(0.),<bound method Expression.r2 of <Expression.Expression object at 0x7f6230125520>>
 Nguyen-5'_8_30,4*x*(x + 3),tensor(0.0212),-2122.4332171876526
 Nguyen-5'_8_31,5*x + tan(x),tensor(0.0391),-602.2358070251167
 Nguyen-5'_8_32,1/(5*x),tensor(0.0469),-412.19868126744785
 Nguyen-5'_8_33,None,tensor(0.),<bound method Expression.r2 of <Expression.Expression object at 0x7f62281df640>>
 Nguyen-5'_8_34,None,tensor(0.),<bound method Expression.r2 of <Expression.Expression object at 0x7f6278087dc0>>
 Nguyen-5'_8_35,None,tensor(0.),<bound method Expression.r2 of <Expression.Expression object at 0x7f62280876d0>>
 Nguyen-5'_8_36,x**4/6,tensor(0.0827),-122.04712897570968
 Nguyen-5'_8_37,None,tensor(0.),<bound method Expression.r2 of <Expression.Expression object at 0x7f6228087f70>>
 Nguyen-5'_8_38,None,tensor(0.),<bound method Expression.r2 of <Expression.Expression object at 0x7f61f05eb940>>
 Nguyen-5'_8_39,2*x**3,tensor(0.0801),-131.02156004962146
 Nguyen-5'_8_40,x + exp(4*x),tensor(0.0114),-7487.416905546786
 Nguyen-5'_8_41,None,tensor(0.),<bound method Expression.r2 of <Expression.Expression object at 0x7f61f05eb280>>
 Nguyen-5'_8_42,-x - 1/16,tensor(0.0804),-129.7574211276237
 Nguyen-5'_8_43,x*(x + tanh(x)),tensor(0.0624),-225.13737020971593
 Nguyen-5'_8_44,None,tensor(0.),<bound method Expression.r2 of <Expression.Expression object at 0x7f62301927f0>>
 Nguyen-5'_8_45,None,tensor(0.),<bound method Expression.r2 of <Expression.Expression object at 0x7f6230192dc0>>
 Nguyen-5'_8_46,None,tensor(0.),<bound method Expression.r2 of <Expression.Expression object at 0x7f6230192040>>
 Nguyen-5'_8_47,None,tensor(0.),<bound method Expression.r2 of <Expression.Expression object at 0x7f61f046c910>>
 Nguyen-5'_8_48,-x + sinh(x),tensor(0.0843),-116.99582052040887
 Nguyen-5'_8_49,None,tensor(0.),<bound method Expression.r2 of <Expression.Expression object at 0x7f62780d6a00>>
 Nguyen-5'_8_50,x*acos(x),tensor(0.0881),-106.15010112579472
 Nguyen-5'_8_51,-2/x**(4/3),tensor(0.),0
 Nguyen-5'_8_52,None,tensor(0.),<bound method Expression.r2 of <Expression.Expression object at 0x7f62281f0b50>>
 Nguyen-5'_8_53,2*x*log(x),tensor(0.),0
 Nguyen-5'_8_54,sinh(x) - cosh(x),tensor(0.1510),-30.62506013778348
 Nguyen-5'_8_55,None,tensor(0.),<bound method Expression.r2 of <Expression.Expression object at 0x7f61f05eb250>>
 Nguyen-5'_8_56,None,tensor(0.),<bound method Expression.r2 of <Expression.Expression object at 0x7f622803f310>>
 Nguyen-5'_8_57,sqrt(2*x + 1),tensor(0.),0
 Nguyen-5'_8_58,None,tensor(0.),<bound method Expression.r2 of <Expression.Expression object at 0x7f61f04dc040>>
 Nguyen-5'_8_59,acosh(x + 1),tensor(0.),0
 Nguyen-5'_8_60,(x + 2)/x**2,tensor(6.4492e-05),-240397754.33117253
 Nguyen-5'_8_61,None,tensor(0.),<bound method Expression.r2 of <Expression.Expression object at 0x7f62280b4dc0>>
 Nguyen-5'_8_62,x**3*(x**2 + x),tensor(0.0760),-146.71870695026095
 Nguyen-5'_8_63,None,tensor(0.),<bound method Expression.r2 of <Expression.Expression object at 0x7f61f0283f70>>
 Nguyen-5'_8_64,(26*x + 26)*exp(x),tensor(0.0030),-112704.33744051236
 Nguyen-5'_8_65,None,tensor(0.),<bound method Expression.r2 of <Expression.Expression object at 0x7f61f0297730>>
 Nguyen-5'_8_66,3*x**4/8,tensor(0.0810),-127.891942305676
 Nguyen-5'_8_67,x*cos(5*x),tensor(0.0813),-126.80005226779683
 Nguyen-5'_8_68,-3*x*log(x) + 5*x,tensor(0.),0
 Nguyen-5'_8_69,None,tensor(0.),<bound method Expression.r2 of <Expression.Expression object at 0x7f62281f4760>>
 Nguyen-5'_8_70,x/(x + 1),tensor(0.0166),-3487.7602931399933
 Nguyen-5'_8_71,2*atanh(x),tensor(0.0634),-217.13419029287923
 Nguyen-5'_8_72,None,tensor(0.),<bound method Expression.r2 of <Expression.Expression object at 0x7f61f04deb20>>
 Nguyen-5'_8_73,None,tensor(0.),<bound method Expression.r2 of <Expression.Expression object at 0x7f6270133670>>
 Nguyen-5'_8_74,None,tensor(0.),<bound method Expression.r2 of <Expression.Expression object at 0x7f6270133430>>
 Nguyen-5'_8_75,None,tensor(0.),<bound method Expression.r2 of <Expression.Expression object at 0x7f62301b2eb0>>
 Nguyen-5'_8_76,None,tensor(0.),<bound method Expression.r2 of <Expression.Expression object at 0x7f62301b2280>>
 Nguyen-5'_8_77,None,tensor(0.),<bound method Expression.r2 of <Expression.Expression object at 0x7f622803ff40>>
 Nguyen-5'_8_78,2*sinh(x),tensor(0.0716),-167.14098377918802
 Nguyen-5'_8_79,None,tensor(0.),<bound method Expression.r2 of <Expression.Expression object at 0x7f61f037fc40>>
 Nguyen-5'_8_80,None,tensor(0.),<bound method Expression.r2 of <Expression.Expression object at 0x7f61f037f280>>
 Nguyen-5'_8_81,None,tensor(0.),<bound method Expression.r2 of <Expression.Expression object at 0x7f6270130880>>
 Nguyen-5'_8_82,None,tensor(0.),<bound method Expression.r2 of <Expression.Expression object at 0x7f62701304f0>>
 Nguyen-5'_8_83,0,tensor(0.),0
 Nguyen-5'_8_84,None,tensor(0.),<bound method Expression.r2 of <Expression.Expression object at 0x7f6270177130>>
 Nguyen-5'_8_85,None,tensor(0.),<bound method Expression.r2 of <Expression.Expression object at 0x7f61f0283a60>>
 Nguyen-5'_8_86,x**2 + 6*x,tensor(0.0395),-591.1208439851282
 Nguyen-5'_8_87,None,tensor(0.),<bound method Expression.r2 of <Expression.Expression object at 0x7f61f042f8b0>>
 Nguyen-5'_8_88,None,tensor(0.),<bound method Expression.r2 of <Expression.Expression object at 0x7f62281235e0>>
 Nguyen-5'_8_89,None,tensor(0.),<bound method Expression.r2 of <Expression.Expression object at 0x7f6228123130>>
 Nguyen-5'_8_90,None,tensor(0.),<bound method Expression.r2 of <Expression.Expression object at 0x7f6228123e80>>
 Nguyen-5'_8_91,x*(x**2 + x - 2),tensor(0.0644),-210.00975852525818
 Nguyen-5'_8_92,2*tanh(x),tensor(0.0767),-144.04022702306477
 Nguyen-5'_8_93,x*(x + 5),tensor(0.0448),-453.7870032371668
 Nguyen-5'_8_94,None,tensor(0.),<bound method Expression.r2 of <Expression.Expression object at 0x7f61f05c5d60>>
 Nguyen-5'_8_95,None,tensor(0.),<bound method Expression.r2 of <Expression.Expression object at 0x7f62780d6bb0>>
 Nguyen-5'_8_96,x*(x**2 + x),tensor(0.0714),-168.31339805682515
 Nguyen-5'_8_97,2*x - log(cos(x)),tensor(0.0691),-180.68576980586178
 Nguyen-5'_8_98,None,tensor(0.),<bound method Expression.r2 of <Expression.Expression object at 0x7f6230154ee0>>
 Nguyen-5'_8_99,None,tensor(0.),<bound method Expression.r2 of <Expression.Expression object at 0x7f62301549a0>>
 Nguyen-5'_8_100,2*x + 2,tensor(0.0406),-557.4277101379329
 Nguyen-5'_8_101,20*x**2,tensor(0.0151),-4225.529070096039
 Nguyen-5'_8_102,x**2*(x - 4),tensor(0.0992),-81.46316995163924
 Nguyen-5'_8_103,None,tensor(0.),<bound method Expression.r2 of <Expression.Expression object at 0x7f61f02a5610>>
 Nguyen-5'_8_104,None,tensor(0.),<bound method Expression.r2 of <Expression.Expression object at 0x7f6228168a90>>
 Nguyen-5'_8_105,x*(sin(x) + 5),tensor(0.0450),-449.6272258280583
 Nguyen-5'_8_106,x*(x + 2)**2,tensor(0.0387),-616.7623940958347
 Nguyen-5'_8_107,None,tensor(0.),<bound method Expression.r2 of <Expression.Expression object at 0x7f6228087220>>
 Nguyen-5'_8_108,None,tensor(0.),<bound method Expression.r2 of <Expression.Expression object at 0x7f62281df040>>
 Nguyen-5'_8_109,4*sqrt(x) + 2*x,tensor(0.),0
 Nguyen-5'_8_110,None,tensor(0.),<bound method Expression.r2 of <Expression.Expression object at 0x7f61f02a50a0>>
 Nguyen-5'_8_111,sin(x + 5)**2,tensor(0.0613),-233.83661521948875
 Nguyen-5'_8_112,5*x**3/sin(x),tensor(0.0386),-617.7253420222745
 Nguyen-5'_8_113,None,tensor(0.),<bound method Expression.r2 of <Expression.Expression object at 0x7f6228087c10>>
 Nguyen-5'_8_114,None,tensor(0.),<bound method Expression.r2 of <Expression.Expression object at 0x7f6278112250>>
 Nguyen-5'_8_115,None,tensor(0.),<bound method Expression.r2 of <Expression.Expression object at 0x7f6278112e80>>
 Nguyen-5'_8_116,None,tensor(0.),<bound method Expression.r2 of <Expression.Expression object at 0x7f61f05ebf40>>
 Nguyen-5'_8_117,2*x**2*(x - 1),tensor(0.0977),-84.33968497719738
 Nguyen-5'_8_118,None,tensor(0.),<bound method Expression.r2 of <Expression.Expression object at 0x7f6228179ca0>>
 Nguyen-5'_8_119,None,tensor(0.),<bound method Expression.r2 of <Expression.Expression object at 0x7f62281794f0>>
 Nguyen-5'_8_120,None,tensor(0.),<bound method Expression.r2 of <Expression.Expression object at 0x7f6228179910>>
 Nguyen-5'_8_121,None,tensor(0.),<bound method Expression.r2 of <Expression.Expression object at 0x7f6228179b80>>
 Nguyen-5'_8_122,2*x**5,tensor(0.0818),-125.05987720022802
 Nguyen-5'_8_123,3*exp(x),tensor(0.0288),-1137.3195920935648
 Nguyen-5'_8_124,x**3*sinh(x),tensor(0.0748),-152.129355524522
 Nguyen-5'_8_125,4*x*sin(x),tensor(0.0489),-377.7934995906277
 Nguyen-5'_8_126,None,tensor(0.),<bound method Expression.r2 of <Expression.Expression object at 0x7f62280b4f40>>
 Nguyen-5'_8_127,None,tensor(0.),<bound method Expression.r2 of <Expression.Expression object at 0x7f62701ae370>>
 Nguyen-5'_9_0,None,tensor(0.),<bound method Expression.r2 of <Expression.Expression object at 0x7f61f042b730>>
 Nguyen-5'_9_1,None,tensor(0.),<bound method Expression.r2 of <Expression.Expression object at 0x7f61f042b5e0>>
 Nguyen-5'_9_2,None,tensor(0.),<bound method Expression.r2 of <Expression.Expression object at 0x7f62b8060730>>
 Nguyen-5'_9_3,log(x)**2,tensor(0.),0
 Nguyen-5'_9_4,2*x + 2*acosh(x),tensor(0.),0
 Nguyen-5'_9_5,None,tensor(0.),<bound method Expression.r2 of <Expression.Expression object at 0x7f622803f880>>
 Nguyen-5'_9_6,x**3 + 6,tensor(0.0206),-2265.4630763395967
 Nguyen-5'_9_7,None,tensor(0.),<bound method Expression.r2 of <Expression.Expression object at 0x7f6278097970>>
 Nguyen-5'_9_8,None,tensor(0.),<bound method Expression.r2 of <Expression.Expression object at 0x7f61f04dea30>>
 Nguyen-5'_9_9,x + sinh(2*x),tensor(0.0547),-297.8660526575236
 Nguyen-5'_9_10,None,tensor(0.),<bound method Expression.r2 of <Expression.Expression object at 0x7f61f01a7430>>
 Nguyen-5'_9_11,None,tensor(0.),<bound method Expression.r2 of <Expression.Expression object at 0x7f622814c460>>
 Nguyen-5'_9_12,sqrt(x) + x,tensor(0.),0
 Nguyen-5'_9_13,None,tensor(0.),<bound method Expression.r2 of <Expression.Expression object at 0x7f62780bd580>>
 Nguyen-5'_9_14,cos(x),tensor(0.0586),-257.26920649404826
 Nguyen-5'_9_15,None,tensor(0.),<bound method Expression.r2 of <Expression.Expression object at 0x7f62781cf3a0>>
 Nguyen-5'_9_16,None,tensor(0.),<bound method Expression.r2 of <Expression.Expression object at 0x7f6228168f70>>
 Nguyen-5'_9_17,sin(x)**(-2),tensor(0.0001),-60711908.0624784
 Nguyen-5'_9_18,-x*cos(x) + x,tensor(0.0844),-116.66047397588596
 Nguyen-5'_9_19,None,tensor(0.),<bound method Expression.r2 of <Expression.Expression object at 0x7f61f05c5190>>
 Nguyen-5'_9_20,None,tensor(0.),<bound method Expression.r2 of <Expression.Expression object at 0x7f623003deb0>>
 Nguyen-5'_9_21,2*x**2 + 2*x,tensor(0.0578),-264.6805238899543
 Nguyen-5'_9_22,None,tensor(0.),<bound method Expression.r2 of <Expression.Expression object at 0x7f61f054c160>>
 Nguyen-5'_9_23,exp(x)/3,tensor(0.0702),-174.22748049464545
 Nguyen-5'_9_24,x**2/(x + 3),tensor(0.0790),-135.06478029661167
 Nguyen-5'_9_25,None,tensor(0.),<bound method Expression.r2 of <Expression.Expression object at 0x7f6230182790>>
 Nguyen-5'_9_26,pi/(2*x),tensor(0.0070),-19897.106818505075
 Nguyen-5'_9_27,None,tensor(0.),<bound method Expression.r2 of <Expression.Expression object at 0x7f6270133d30>>
 Nguyen-5'_9_28,None,tensor(0.),<bound method Expression.r2 of <Expression.Expression object at 0x7f6230194520>>
 Nguyen-5'_9_29,sin(x + 3),tensor(0.0749),-151.56302878268298
 Nguyen-5'_9_30,x**2/8,tensor(0.0823),-123.23794035951495
 Nguyen-5'_9_31,None,tensor(0.),<bound method Expression.r2 of <Expression.Expression object at 0x7f6230192910>>
 Nguyen-5'_9_32,None,tensor(0.),<bound method Expression.r2 of <Expression.Expression object at 0x7f6230192be0>>
 Nguyen-5'_9_33,x*(x + cos(4)),tensor(0.0689),-181.85168279986934
 Nguyen-5'_9_34,None,tensor(0.),<bound method Expression.r2 of <Expression.Expression object at 0x7f61f03e1df0>>
 Nguyen-5'_9_35,exp(1 - x**2),tensor(0.0408),-550.8026785865277
 Nguyen-5'_9_36,asinh(x + 4),tensor(0.0406),-557.4090736018277
 Nguyen-5'_9_37,None,tensor(0.),<bound method Expression.r2 of <Expression.Expression object at 0x7f61f05eb730>>
 Nguyen-5'_9_38,None,tensor(0.),<bound method Expression.r2 of <Expression.Expression object at 0x7f61f05ebb80>>
 Nguyen-5'_9_39,x**3 + exp(x),tensor(0.0510),-344.9083625696591
 Nguyen-5'_9_40,None,tensor(0.),<bound method Expression.r2 of <Expression.Expression object at 0x7f61f02831c0>>
 Nguyen-5'_9_41,None,tensor(0.),<bound method Expression.r2 of <Expression.Expression object at 0x7f61f0297c10>>
 Nguyen-5'_9_42,x**2*(x + sin(x)),tensor(0.0807),-128.8385405184532
 Nguyen-5'_9_43,2*x**(7/2),tensor(0.),0
 Nguyen-5'_9_44,None,tensor(0.),<bound method Expression.r2 of <Expression.Expression object at 0x7f62280875b0>>
 Nguyen-5'_9_45,x**2*exp(-x),tensor(0.0649),-206.41294151897313
 Nguyen-5'_9_46,None,tensor(0.),<bound method Expression.r2 of <Expression.Expression object at 0x7f61f05c5a30>>
 Nguyen-5'_9_47,None,tensor(0.),<bound method Expression.r2 of <Expression.Expression object at 0x7f61f01a7820>>
 Nguyen-5'_9_48,None,tensor(0.),<bound method Expression.r2 of <Expression.Expression object at 0x7f61f01a7be0>>
 Nguyen-5'_9_49,None,tensor(0.),<bound method Expression.r2 of <Expression.Expression object at 0x7f6228168f10>>
 Nguyen-5'_9_50,None,tensor(0.),<bound method Expression.r2 of <Expression.Expression object at 0x7f61f03e1f70>>
 Nguyen-5'_9_51,None,tensor(0.),<bound method Expression.r2 of <Expression.Expression object at 0x7f62301d68e0>>
 Nguyen-5'_9_52,x*log(2*x) - x,tensor(0.),0
 Nguyen-5'_9_53,None,tensor(0.),<bound method Expression.r2 of <Expression.Expression object at 0x7f6278097d30>>
 Nguyen-5'_9_54,25*x**8,tensor(0.0232),-1777.624174345695
 Nguyen-5'_9_55,2*log(x) + tan(x),tensor(0.),0
 Nguyen-5'_9_56,None,tensor(0.),<bound method Expression.r2 of <Expression.Expression object at 0x7f6230194d30>>
 Nguyen-5'_9_57,x*(x + sin(x)) + x,tensor(0.0617),-230.29626610581826
 Nguyen-5'_9_58,None,tensor(0.),<bound method Expression.r2 of <Expression.Expression object at 0x7f6230103e50>>
 Nguyen-5'_9_59,None,tensor(0.),<bound method Expression.r2 of <Expression.Expression object at 0x7f61f04dceb0>>
 Nguyen-5'_9_60,None,tensor(0.),<bound method Expression.r2 of <Expression.Expression object at 0x7f62301af160>>
 Nguyen-5'_9_61,None,tensor(0.),<bound method Expression.r2 of <Expression.Expression object at 0x7f622803fb20>>
 Nguyen-5'_9_62,x + 1,tensor(0.0553),-290.7601237011175
 Nguyen-5'_9_63,(x + sin(x))**2,tensor(0.0488),-379.0419001396089
 Nguyen-5'_9_64,None,tensor(0.),<bound method Expression.r2 of <Expression.Expression object at 0x7f61f01a7880>>
 Nguyen-5'_9_65,2*x*exp(x),tensor(0.0536),-311.2275791037703
 Nguyen-5'_9_66,sin(2*x + 2),tensor(0.0670),-193.163953116875
 Nguyen-5'_9_67,None,tensor(0.),<bound method Expression.r2 of <Expression.Expression object at 0x7f61f042f820>>
 Nguyen-5'_9_68,None,tensor(0.),<bound method Expression.r2 of <Expression.Expression object at 0x7f6230194ca0>>
 Nguyen-5'_9_69,x**2 + 2*x,tensor(0.0655),-202.72234963849672
 Nguyen-5'_9_70,None,tensor(0.),<bound method Expression.r2 of <Expression.Expression object at 0x7f62280b4d30>>
 Nguyen-5'_9_71,3*sin(x),tensor(0.0663),-197.0228393624382
 Nguyen-5'_9_72,None,tensor(0.),<bound method Expression.r2 of <Expression.Expression object at 0x7f623003d220>>
 Nguyen-5'_9_73,None,tensor(0.),<bound method Expression.r2 of <Expression.Expression object at 0x7f623003d130>>
 Nguyen-5'_9_74,None,tensor(0.),<bound method Expression.r2 of <Expression.Expression object at 0x7f6230192c70>>
 Nguyen-5'_9_75,None,tensor(0.),<bound method Expression.r2 of <Expression.Expression object at 0x7f6230192d60>>
 Nguyen-5'_9_76,x*(x + sin(x) + 5),tensor(0.0427),-500.7152544488991
 Nguyen-5'_9_77,None,tensor(0.),<bound method Expression.r2 of <Expression.Expression object at 0x7f61f0453880>>
 Nguyen-5'_9_78,None,tensor(0.),<bound method Expression.r2 of <Expression.Expression object at 0x7f61f0453940>>
 Nguyen-5'_9_79,None,tensor(0.),<bound method Expression.r2 of <Expression.Expression object at 0x7f61f0453a60>>
 Nguyen-5'_9_80,None,tensor(0.),<bound method Expression.r2 of <Expression.Expression object at 0x7f61f0453850>>
 Nguyen-5'_9_81,acosh(x)**2,tensor(0.),0
 Nguyen-5'_9_82,x**3/3 + x,tensor(0.0808),-128.31536648903733
 Nguyen-5'_9_83,2*x + 4,tensor(0.0274),-1260.9934352614112
 Nguyen-5'_9_84,None,tensor(0.),<bound method Expression.r2 of <Expression.Expression object at 0x7f6278097d90>>
 Nguyen-5'_9_85,x**3*tan(1),tensor(0.0821),-124.11690157682344
 Nguyen-5'_9_86,None,tensor(0.),<bound method Expression.r2 of <Expression.Expression object at 0x7f62781c39d0>>
 Nguyen-5'_9_87,None,tensor(0.),<bound method Expression.r2 of <Expression.Expression object at 0x7f6230192460>>
 Nguyen-5'_9_88,None,tensor(0.),<bound method Expression.r2 of <Expression.Expression object at 0x7f6230057d90>>
 Nguyen-5'_9_89,None,tensor(0.),<bound method Expression.r2 of <Expression.Expression object at 0x7f62701f1ee0>>
 Nguyen-5'_9_90,None,tensor(0.),<bound method Expression.r2 of <Expression.Expression object at 0x7f622810d670>>
 Nguyen-5'_9_91,None,tensor(0.),<bound method Expression.r2 of <Expression.Expression object at 0x7f62301af4c0>>
 Nguyen-5'_9_92,x**2 + 2*x + log(x),tensor(0.),0
 Nguyen-5'_9_93,x*(x + atanh(x)),tensor(0.0563),-279.95375236962644
 Nguyen-5'_9_94,None,tensor(0.),<bound method Expression.r2 of <Expression.Expression object at 0x7f61f04dc880>>
 Nguyen-5'_9_95,2*x*log(5),tensor(0.0613),-233.49078869354997
 Nguyen-5'_9_96,None,tensor(0.),<bound method Expression.r2 of <Expression.Expression object at 0x7f62281f42b0>>
 Nguyen-5'_9_97,None,tensor(0.),<bound method Expression.r2 of <Expression.Expression object at 0x7f62301aef40>>
 Nguyen-5'_9_98,None,tensor(0.),<bound method Expression.r2 of <Expression.Expression object at 0x7f62301aebe0>>
 Nguyen-5'_9_99,(x + cos(x))**3,tensor(0.0471),-407.8646478152293
 Nguyen-5'_9_100,cos(x + 4),tensor(0.1150),-58.2782824705357
 Nguyen-5'_9_101,None,tensor(0.),<bound method Expression.r2 of <Expression.Expression object at 0x7f61f03a0d00>>
 Nguyen-5'_9_102,None,tensor(0.),<bound method Expression.r2 of <Expression.Expression object at 0x7f61f03a07f0>>
 Nguyen-5'_9_103,None,tensor(0.),<bound method Expression.r2 of <Expression.Expression object at 0x7f61f03a0280>>
 Nguyen-5'_9_104,None,tensor(0.),<bound method Expression.r2 of <Expression.Expression object at 0x7f61f03a0f40>>
 Nguyen-5'_9_105,(x - 1)*exp(x),tensor(0.1442),-34.207742444928634
 Nguyen-5'_9_106,tan(x + 1),tensor(0.0007),-1925019.5160343621
 Nguyen-5'_9_107,x**5/55,tensor(0.0841),-117.58593721531295
 Nguyen-5'_9_108,x + cos(5),tensor(0.0723),-163.51714142997344
 Nguyen-5'_9_109,None,tensor(0.),<bound method Expression.r2 of <Expression.Expression object at 0x7f61f02972e0>>
 Nguyen-5'_9_110,x**3*exp(x) + x,tensor(0.0691),-180.6633203558671
 Nguyen-5'_9_111,x*sin(5),tensor(0.0785),-136.8627087146673
 Nguyen-5'_9_112,4*x + 3/2,tensor(0.0404),-561.9113002345836
 Nguyen-5'_9_113,None,tensor(0.),<bound method Expression.r2 of <Expression.Expression object at 0x7f62700eb2b0>>
 Nguyen-5'_9_114,2*sin(2*x + 1),tensor(0.0563),-279.95564898946384
 Nguyen-5'_9_115,tan(x**2),tensor(0.0688),-182.19083323335806
 Nguyen-5'_9_116,acosh(x) - 1,tensor(0.),0
 Nguyen-5'_9_117,None,tensor(0.),<bound method Expression.r2 of <Expression.Expression object at 0x7f6230057ac0>>
 Nguyen-5'_9_118,None,tensor(0.),<bound method Expression.r2 of <Expression.Expression object at 0x7f61f04538b0>>
 Nguyen-5'_9_119,x*(2*x**3 + x) + x,tensor(0.0583),-260.2378613097098
 Nguyen-5'_9_120,None,tensor(0.),<bound method Expression.r2 of <Expression.Expression object at 0x7f61f042bb20>>
 Nguyen-5'_9_121,log(tan(2*x)),tensor(0.),0
 Nguyen-5'_9_122,None,tensor(0.),<bound method Expression.r2 of <Expression.Expression object at 0x7f6230182370>>
 Nguyen-5'_9_123,-x*(x + 1),tensor(0.0907),-99.57681176548881
 Nguyen-5'_9_124,None,tensor(0.),<bound method Expression.r2 of <Expression.Expression object at 0x7f62701aee20>>
 Nguyen-5'_9_125,7*x**7,tensor(0.0629),-220.95343670011107
 Nguyen-5'_9_126,None,tensor(0.),<bound method Expression.r2 of <Expression.Expression object at 0x7f61f03e1dc0>>
 Nguyen-5'_9_127,None,tensor(0.),<bound method Expression.r2 of <Expression.Expression object at 0x7f61f03e1490>>
 Nguyen-5'_10_0,None,tensor(0.),<bound method Expression.r2 of <Expression.Expression object at 0x7f62280b4910>>
 Nguyen-5'_10_1,None,tensor(0.),<bound method Expression.r2 of <Expression.Expression object at 0x7f62280b4a60>>
 Nguyen-5'_10_2,x/76,tensor(0.0841),-117.55302969370094
 Nguyen-5'_10_3,2*x + 4/x,tensor(0.0028),-129949.09773404681
 Nguyen-5'_10_4,None,tensor(0.),<bound method Expression.r2 of <Expression.Expression object at 0x7f62301af100>>
 Nguyen-5'_10_5,None,tensor(0.),<bound method Expression.r2 of <Expression.Expression object at 0x7f62281f4e80>>
 Nguyen-5'_10_6,-x + 2*log(x),tensor(0.),0
 Nguyen-5'_10_7,None,tensor(0.),<bound method Expression.r2 of <Expression.Expression object at 0x7f62301f0a00>>
 Nguyen-5'_10_8,1/(1 - x),tensor(0.0255),-1458.2068380674168
 Nguyen-5'_10_9,None,tensor(0.),<bound method Expression.r2 of <Expression.Expression object at 0x7f627012dc70>>
 Nguyen-5'_10_10,8*x + 4,tensor(0.0223),-1914.149335936285
 Nguyen-5'_10_11,None,tensor(0.),<bound method Expression.r2 of <Expression.Expression object at 0x7f627012d5b0>>
 Nguyen-5'_10_12,None,tensor(0.),<bound method Expression.r2 of <Expression.Expression object at 0x7f61f03e1a60>>
 Nguyen-5'_10_13,sin(x) + 2,tensor(0.0415),-532.6923031306077
 Nguyen-5'_10_14,x*(x - sin(x)),tensor(0.0827),-121.8906676632687
 Nguyen-5'_10_15,None,tensor(0.),<bound method Expression.r2 of <Expression.Expression object at 0x7f6270118670>>
 Nguyen-5'_10_16,None,tensor(0.),<bound method Expression.r2 of <Expression.Expression object at 0x7f6270118070>>
 Nguyen-5'_10_17,x*exp(x),tensor(0.0683),-185.272734252315
 Nguyen-5'_10_18,None,tensor(0.),<bound method Expression.r2 of <Expression.Expression object at 0x7f6270118310>>
 Nguyen-5'_10_19,-log(cos(2*x)),tensor(0.),0
 Nguyen-5'_10_20,x + cos(5),tensor(0.0723),-163.51714142997344
 Nguyen-5'_10_21,3*x*cos(x),tensor(0.0718),-166.30051083208895
 Nguyen-5'_10_22,None,tensor(0.),<bound method Expression.r2 of <Expression.Expression object at 0x7f62700b67f0>>
 Nguyen-5'_10_23,x*(x + 2) + 2*x,tensor(0.0511),-343.2759739300745
 Nguyen-5'_10_24,None,tensor(0.),<bound method Expression.r2 of <Expression.Expression object at 0x7f62300f05b0>>
 Nguyen-5'_10_25,None,tensor(0.),<bound method Expression.r2 of <Expression.Expression object at 0x7f61f01a7b50>>
 Nguyen-5'_10_26,-x + tan(x),tensor(0.0844),-116.78516832705327
 Nguyen-5'_10_27,None,tensor(0.),<bound method Expression.r2 of <Expression.Expression object at 0x7f62701182b0>>
 Nguyen-5'_10_28,None,tensor(0.),<bound method Expression.r2 of <Expression.Expression object at 0x7f61f054c9d0>>
 Nguyen-5'_10_29,None,tensor(0.),<bound method Expression.r2 of <Expression.Expression object at 0x7f61f03e15b0>>
 Nguyen-5'_10_30,None,tensor(0.),<bound method Expression.r2 of <Expression.Expression object at 0x7f61f0573d90>>
 Nguyen-5'_10_31,log(x**3),tensor(0.),0
 Nguyen-5'_10_32,None,tensor(0.),<bound method Expression.r2 of <Expression.Expression object at 0x7f62300f23a0>>
 Nguyen-5'_10_33,(x**3 + x)/x,tensor(0.0495),-367.68514346379715
 Nguyen-5'_10_34,x**2*(x + cos(x)),tensor(0.0747),-152.5200404641953
 Nguyen-5'_10_35,None,tensor(0.),<bound method Expression.r2 of <Expression.Expression object at 0x7f61f03a0160>>
 Nguyen-5'_10_36,None,tensor(0.),<bound method Expression.r2 of <Expression.Expression object at 0x7f61f057fe80>>
 Nguyen-5'_10_37,x*(x + log(x)/x) + x,tensor(0.),0
 Nguyen-5'_10_38,None,tensor(0.),<bound method Expression.r2 of <Expression.Expression object at 0x7f61f02f6c70>>
 Nguyen-5'_10_39,-cos(x - 4),tensor(0.0655),-202.8631888469715
 Nguyen-5'_10_40,log(5)/x,tensor(0.0069),-20888.146366786386
 Nguyen-5'_10_41,x**2*exp(3),tensor(0.0151),-4256.985113980346
 Nguyen-5'_10_42,x**4*tanh(5),tensor(0.0758),-147.7058017113508
 Nguyen-5'_10_43,None,tensor(0.),<bound method Expression.r2 of <Expression.Expression object at 0x7f62700def70>>
 Nguyen-5'_10_44,None,tensor(0.),<bound method Expression.r2 of <Expression.Expression object at 0x7f61f04dc9a0>>
 Nguyen-5'_10_45,sin(x) - cos(x),tensor(0.1362),-39.18954372819287
 Nguyen-5'_10_46,None,tensor(0.),<bound method Expression.r2 of <Expression.Expression object at 0x7f62281793a0>>
 Nguyen-5'_10_47,None,tensor(0.),<bound method Expression.r2 of <Expression.Expression object at 0x7f62301b2a90>>
 Nguyen-5'_10_48,x*cosh(x),tensor(0.0799),-131.55310396216942
 Nguyen-5'_10_49,None,tensor(0.),<bound method Expression.r2 of <Expression.Expression object at 0x7f61f02f6100>>
 Nguyen-5'_10_50,None,tensor(0.),<bound method Expression.r2 of <Expression.Expression object at 0x7f61f04ec970>>
 Nguyen-5'_10_51,None,tensor(0.),<bound method Expression.r2 of <Expression.Expression object at 0x7f61f04ec220>>
 Nguyen-5'_10_52,None,tensor(0.),<bound method Expression.r2 of <Expression.Expression object at 0x7f61f03a02e0>>
 Nguyen-5'_10_53,x*(2*x + 1),tensor(0.0608),-237.6493620537447
 Nguyen-5'_10_54,2*sqrt(x) - x,tensor(0.),0
 Nguyen-5'_10_55,None,tensor(0.),<bound method Expression.r2 of <Expression.Expression object at 0x7f61f04535b0>>
 Nguyen-5'_10_56,None,tensor(0.),<bound method Expression.r2 of <Expression.Expression object at 0x7f61f0453670>>
 Nguyen-5'_10_57,None,tensor(0.),<bound method Expression.r2 of <Expression.Expression object at 0x7f61f04538e0>>
 Nguyen-5'_10_58,None,tensor(0.),<bound method Expression.r2 of <Expression.Expression object at 0x7f62301d6490>>
 Nguyen-5'_10_59,None,tensor(0.),<bound method Expression.r2 of <Expression.Expression object at 0x7f62301afe80>>
 Nguyen-5'_10_60,None,tensor(0.),<bound method Expression.r2 of <Expression.Expression object at 0x7f62301af1f0>>
 Nguyen-5'_10_61,sqrt(x + 1),tensor(0.0567),-275.3295697824018
 Nguyen-5'_10_62,None,tensor(0.),<bound method Expression.r2 of <Expression.Expression object at 0x7f62301d69d0>>
 Nguyen-5'_10_63,x**3*cos(3),tensor(0.0809),-127.96300725027692
 Nguyen-5'_10_64,x*(sqrt(x) + x),tensor(0.),0
 Nguyen-5'_10_65,None,tensor(0.),<bound method Expression.r2 of <Expression.Expression object at 0x7f61f02859a0>>
 Nguyen-5'_10_66,sin(x) + 14,tensor(0.0102),-9360.152254999239
 Nguyen-5'_10_67,x**2 + x - 4,tensor(0.0740),-155.52472602719698
 Nguyen-5'_10_68,None,tensor(0.),<bound method Expression.r2 of <Expression.Expression object at 0x7f6270118250>>
 Nguyen-5'_10_69,None,tensor(0.),<bound method Expression.r2 of <Expression.Expression object at 0x7f622810d790>>
 Nguyen-5'_10_70,3*x**4/4 + x,tensor(0.0767),-144.01831662850537
 Nguyen-5'_10_71,None,tensor(0.),<bound method Expression.r2 of <Expression.Expression object at 0x7f6230192f10>>
 Nguyen-5'_10_72,None,tensor(0.),<bound method Expression.r2 of <Expression.Expression object at 0x7f627012d7c0>>
 Nguyen-5'_10_73,x + log(x)/x,tensor(0.),0
 Nguyen-5'_10_74,(x - 2)*exp(x) + 2,tensor(0.0784),-137.0034918123765
 Nguyen-5'_10_75,2*x**2*cosh(x),tensor(0.0550),-294.0551035071618
 Nguyen-5'_10_76,None,tensor(0.),<bound method Expression.r2 of <Expression.Expression object at 0x7f62281f4a60>>
 Nguyen-5'_10_77,None,tensor(0.),<bound method Expression.r2 of <Expression.Expression object at 0x7f62281f4b80>>
 Nguyen-5'_10_78,-log(cos(x)),tensor(0.0765),-144.8545478998
 Nguyen-5'_10_79,x**3*log(5),tensor(0.0819),-124.81231068383056
 Nguyen-5'_10_80,None,tensor(0.),<bound method Expression.r2 of <Expression.Expression object at 0x7f62301f0a30>>
 Nguyen-5'_10_81,None,tensor(0.),<bound method Expression.r2 of <Expression.Expression object at 0x7f62301f0820>>
 Nguyen-5'_10_82,x*sin(2*x),tensor(0.0680),-187.12835271205705
 Nguyen-5'_10_83,None,tensor(0.),<bound method Expression.r2 of <Expression.Expression object at 0x7f62301af4f0>>
 Nguyen-5'_10_84,None,tensor(0.),<bound method Expression.r2 of <Expression.Expression object at 0x7f6270118700>>
 Nguyen-5'_10_85,None,tensor(0.),<bound method Expression.r2 of <Expression.Expression object at 0x7f6270118f40>>
 Nguyen-5'_10_86,x + tan(2),tensor(0.1699),-22.877109157634447
 Nguyen-5'_10_87,None,tensor(0.),<bound method Expression.r2 of <Expression.Expression object at 0x7f61f057f1c0>>
 Nguyen-5'_10_88,None,tensor(0.),<bound method Expression.r2 of <Expression.Expression object at 0x7f6230182400>>
 Nguyen-5'_10_89,None,tensor(0.),<bound method Expression.r2 of <Expression.Expression object at 0x7f62301820a0>>
 Nguyen-5'_10_90,None,tensor(0.),<bound method Expression.r2 of <Expression.Expression object at 0x7f61f057feb0>>
 Nguyen-5'_10_91,None,tensor(0.),<bound method Expression.r2 of <Expression.Expression object at 0x7f627007ac40>>
 Nguyen-5'_10_92,None,tensor(0.),<bound method Expression.r2 of <Expression.Expression object at 0x7f627007aca0>>
 Nguyen-5'_10_93,None,tensor(0.),<bound method Expression.r2 of <Expression.Expression object at 0x7f627007aa90>>
 Nguyen-5'_10_94,sin(x)*cos(x)/2,tensor(0.0843),-116.91599340581674
 Nguyen-5'_10_95,None,tensor(0.),<bound method Expression.r2 of <Expression.Expression object at 0x7f627007a070>>
 Nguyen-5'_10_96,x + sin(x) + 1,tensor(0.0532),-315.4915318810757
 Nguyen-5'_10_97,3*x*(x + 5),tensor(0.0177),-3095.9372655870975
 Nguyen-5'_10_98,exp(x + 5),tensor(0.0008),-1427535.2676505505
 Nguyen-5'_10_99,2*x + sin(x),tensor(0.0644),-209.91795870975488
 Nguyen-5'_10_100,None,tensor(0.),<bound method Expression.r2 of <Expression.Expression object at 0x7f62700b62b0>>
 Nguyen-5'_10_101,x + tan(4*x),tensor(0.0065),-23487.646475593898
 Nguyen-5'_10_102,None,tensor(0.),<bound method Expression.r2 of <Expression.Expression object at 0x7f6270133d60>>
 Nguyen-5'_10_103,3*x*sin(3),tensor(0.0843),-117.00915494969088
 Nguyen-5'_10_104,exp(x/2),tensor(0.0549),-295.42253667793045
 Nguyen-5'_10_105,cos(2*x + 5),tensor(0.0753),-149.63924040799964
 Nguyen-5'_10_106,None,tensor(0.),<bound method Expression.r2 of <Expression.Expression object at 0x7f62301f0070>>
 Nguyen-5'_10_107,exp(x/4),tensor(0.0555),-289.1471785909621
 Nguyen-5'_10_108,None,tensor(0.),<bound method Expression.r2 of <Expression.Expression object at 0x7f623003d100>>
 Nguyen-5'_10_109,x*(x - sin(x)),tensor(0.0827),-121.8906676632687
 Nguyen-5'_10_110,None,tensor(0.),<bound method Expression.r2 of <Expression.Expression object at 0x7f61f02f6640>>
 Nguyen-5'_10_111,-cos(x),tensor(0.1485),-31.872400883989044
 Nguyen-5'_10_112,None,tensor(0.),<bound method Expression.r2 of <Expression.Expression object at 0x7f62781cfd30>>
 Nguyen-5'_10_113,None,tensor(0.),<bound method Expression.r2 of <Expression.Expression object at 0x7f62781cfee0>>
 Nguyen-5'_10_114,None,tensor(0.),<bound method Expression.r2 of <Expression.Expression object at 0x7f62781cf970>>
 Nguyen-5'_10_115,None,tensor(0.),<bound method Expression.r2 of <Expression.Expression object at 0x7f62781cf880>>
 Nguyen-5'_10_116,None,tensor(0.),<bound method Expression.r2 of <Expression.Expression object at 0x7f62781cf4c0>>
 Nguyen-5'_10_117,None,tensor(0.),<bound method Expression.r2 of <Expression.Expression object at 0x7f62781cfa00>>
 Nguyen-5'_10_118,3*x**2,tensor(0.0527),-321.5883055898841
 Nguyen-5'_10_119,x**2/354,tensor(0.0840),-117.76878421185624
 Nguyen-5'_10_120,None,tensor(0.),<bound method Expression.r2 of <Expression.Expression object at 0x7f61f02f6460>>
 Nguyen-5'_10_121,None,tensor(0.),<bound method Expression.r2 of <Expression.Expression object at 0x7f61f04de700>>
 Nguyen-5'_10_122,x*(x + 1/x),tensor(0.0495),-367.68514346379715
 Nguyen-5'_10_123,None,tensor(0.),<bound method Expression.r2 of <Expression.Expression object at 0x7f622810d100>>
 Nguyen-5'_10_124,None,tensor(0.),<bound method Expression.r2 of <Expression.Expression object at 0x7f6270135c40>>
 Nguyen-5'_10_125,None,tensor(0.),<bound method Expression.r2 of <Expression.Expression object at 0x7f62281df1c0>>
 Nguyen-5'_10_126,exp(2*x)*asin(x),tensor(0.0443),-464.6192533092838
 Nguyen-5'_10_127,None,tensor(0.),<bound method Expression.r2 of <Expression.Expression object at 0x7f62280d1d60>>
 Nguyen-5'_11_0,x**2 + x + cosh(x),tensor(0.0469),-412.69845907710993
 Nguyen-5'_11_1,x*(x**2 + x),tensor(0.0714),-168.31339805682515
 Nguyen-5'_11_2,None,tensor(0.),<bound method Expression.r2 of <Expression.Expression object at 0x7f62301ae7c0>>
 Nguyen-5'_11_3,25*x*sin(x),tensor(0.0138),-5082.381336209261
 Nguyen-5'_11_4,None,tensor(0.),<bound method Expression.r2 of <Expression.Expression object at 0x7f61f04de970>>
 Nguyen-5'_11_5,None,tensor(0.),<bound method Expression.r2 of <Expression.Expression object at 0x7f61f04dcf10>>
 Nguyen-5'_11_6,None,tensor(0.),<bound method Expression.r2 of <Expression.Expression object at 0x7f61f04dc7f0>>
 Nguyen-5'_11_7,3 - 3*x,tensor(0.0300),-1042.064558712513
 Nguyen-5'_11_8,4*x*tan(3),tensor(0.0815),-126.09944101654045
 Nguyen-5'_11_9,None,tensor(0.),<bound method Expression.r2 of <Expression.Expression object at 0x7f62300b1190>>
 Nguyen-5'_11_10,None,tensor(0.),<bound method Expression.r2 of <Expression.Expression object at 0x7f62300b12e0>>
 Nguyen-5'_11_11,None,tensor(0.),<bound method Expression.r2 of <Expression.Expression object at 0x7f62281df520>>
 Nguyen-5'_11_12,4*x**(3/2)/3,tensor(0.),0
 Nguyen-5'_11_13,None,tensor(0.),<bound method Expression.r2 of <Expression.Expression object at 0x7f61f05ebfd0>>
 Nguyen-5'_11_14,None,tensor(0.),<bound method Expression.r2 of <Expression.Expression object at 0x7f62281f0160>>
 Nguyen-5'_11_15,None,tensor(0.),<bound method Expression.r2 of <Expression.Expression object at 0x7f62281f0730>>
 Nguyen-5'_11_16,x*sin(1),tensor(0.0830),-121.0995231052237
 Nguyen-5'_11_17,None,tensor(0.),<bound method Expression.r2 of <Expression.Expression object at 0x7f6228123a30>>
 Nguyen-5'_11_18,None,tensor(0.),<bound method Expression.r2 of <Expression.Expression object at 0x7f62700def40>>
 Nguyen-5'_11_19,None,tensor(0.),<bound method Expression.r2 of <Expression.Expression object at 0x7f61f03a04c0>>
 Nguyen-5'_11_20,None,tensor(0.),<bound method Expression.r2 of <Expression.Expression object at 0x7f61f03a0bb0>>
 Nguyen-5'_11_21,sqrt(x + 2),tensor(0.0490),-375.35077848361396
 Nguyen-5'_11_22,4*x**2*asinh(x),tensor(0.0701),-175.14589498292477
 Nguyen-5'_11_23,None,tensor(0.),<bound method Expression.r2 of <Expression.Expression object at 0x7f61f04ec1f0>>
 Nguyen-5'_11_24,None,tensor(0.),<bound method Expression.r2 of <Expression.Expression object at 0x7f62280bc160>>
 Nguyen-5'_11_25,None,tensor(0.),<bound method Expression.r2 of <Expression.Expression object at 0x7f61f0297280>>
 Nguyen-5'_11_26,None,tensor(0.),<bound method Expression.r2 of <Expression.Expression object at 0x7f622803f2b0>>
 Nguyen-5'_11_27,None,tensor(0.),<bound method Expression.r2 of <Expression.Expression object at 0x7f622803f7c0>>
 Nguyen-5'_11_28,None,tensor(0.),<bound method Expression.r2 of <Expression.Expression object at 0x7f62301d62b0>>
 Nguyen-5'_11_29,1/x,tensor(0.0110),-8079.621116413411
 Nguyen-5'_11_30,x + 2*cos(x),tensor(0.0449),-450.77806599772396
 Nguyen-5'_11_31,None,tensor(0.),<bound method Expression.r2 of <Expression.Expression object at 0x7f6278097c10>>
 Nguyen-5'_11_32,None,tensor(0.),<bound method Expression.r2 of <Expression.Expression object at 0x7f61eb1f3f10>>
 Nguyen-5'_11_33,3*sinh(x),tensor(0.0604),-241.01249483203122
 Nguyen-5'_11_34,None,tensor(0.),<bound method Expression.r2 of <Expression.Expression object at 0x7f61f0453340>>
 Nguyen-5'_11_35,x + x*log(3),tensor(0.0727),-161.64290919891266
 Nguyen-5'_11_36,None,tensor(0.),<bound method Expression.r2 of <Expression.Expression object at 0x7f62700f4160>>
 Nguyen-5'_11_37,None,tensor(0.),<bound method Expression.r2 of <Expression.Expression object at 0x7f61f04ec460>>
 Nguyen-5'_11_38,2*x*acos(x),tensor(0.0665),-196.36217508040951
 Nguyen-5'_11_39,None,tensor(0.),<bound method Expression.r2 of <Expression.Expression object at 0x7f623018e6d0>>
 Nguyen-5'_11_40,None,tensor(0.),<bound method Expression.r2 of <Expression.Expression object at 0x7f629803e640>>
 Nguyen-5'_11_41,None,tensor(0.),<bound method Expression.r2 of <Expression.Expression object at 0x7f61f0573820>>
 Nguyen-5'_11_42,None,tensor(0.),<bound method Expression.r2 of <Expression.Expression object at 0x7f61f0573d60>>
 Nguyen-5'_11_43,None,tensor(0.),<bound method Expression.r2 of <Expression.Expression object at 0x7f629803e6d0>>
 Nguyen-5'_11_44,None,tensor(0.),<bound method Expression.r2 of <Expression.Expression object at 0x7f62280bc040>>
 Nguyen-5'_11_45,x - acos(x),tensor(0.1098),-64.72786285442015
 Nguyen-5'_11_46,None,tensor(0.),<bound method Expression.r2 of <Expression.Expression object at 0x7f627012d310>>
 Nguyen-5'_11_47,sinh(x) + 1,tensor(0.0552),-292.38245189938795
 Nguyen-5'_11_48,None,tensor(0.),<bound method Expression.r2 of <Expression.Expression object at 0x7f62280d1130>>
 Nguyen-5'_11_49,4*x**7/7,tensor(0.0843),-117.05896528224899
 Nguyen-5'_11_50,None,tensor(0.),<bound method Expression.r2 of <Expression.Expression object at 0x7f62701974c0>>
 Nguyen-5'_11_51,3*x + exp(x),tensor(0.0428),-499.5896331062579
 Nguyen-5'_11_52,None,tensor(0.),<bound method Expression.r2 of <Expression.Expression object at 0x7f6270177af0>>
 Nguyen-5'_11_53,None,tensor(0.),<bound method Expression.r2 of <Expression.Expression object at 0x7f62300577f0>>
 Nguyen-5'_11_54,-cos(x) - tan(x),tensor(0.1138),-59.62998399654733
 Nguyen-5'_11_55,x*log(5),tensor(0.0775),-140.82855091229004
 Nguyen-5'_11_56,None,tensor(0.),<bound method Expression.r2 of <Expression.Expression object at 0x7f623008bcd0>>
 Nguyen-5'_11_57,None,tensor(0.),<bound method Expression.r2 of <Expression.Expression object at 0x7f61f046c100>>
 Nguyen-5'_11_58,None,tensor(0.),<bound method Expression.r2 of <Expression.Expression object at 0x7f62780d6a90>>
 Nguyen-5'_11_59,None,tensor(0.),<bound method Expression.r2 of <Expression.Expression object at 0x7f62780d61f0>>
 Nguyen-5'_11_60,x**3 + 8*x,tensor(0.0299),-1048.8293266160817
 Nguyen-5'_11_61,None,tensor(0.),<bound method Expression.r2 of <Expression.Expression object at 0x7f61f0453970>>
 Nguyen-5'_11_62,1 - sinh(x),tensor(0.0530),-318.46171190817563
 Nguyen-5'_11_63,None,tensor(0.),<bound method Expression.r2 of <Expression.Expression object at 0x7f61f0297be0>>
 Nguyen-5'_11_64,None,tensor(0.),<bound method Expression.r2 of <Expression.Expression object at 0x7f62280bc670>>
 Nguyen-5'_11_65,None,tensor(0.),<bound method Expression.r2 of <Expression.Expression object at 0x7f61f057f820>>
 Nguyen-5'_11_66,2*(x + 4)/x,tensor(0.0014),-517257.3474445985
 Nguyen-5'_11_67,4*x**5/15,tensor(0.0843),-117.00913920805368
 Nguyen-5'_11_68,None,tensor(0.),<bound method Expression.r2 of <Expression.Expression object at 0x7f6230072f70>>
 Nguyen-5'_11_69,None,tensor(0.),<bound method Expression.r2 of <Expression.Expression object at 0x7f61f04ecf70>>
 Nguyen-5'_11_70,9*x**2/2,tensor(0.0437),-478.1209715811111
 Nguyen-5'_11_71,x - 2,tensor(0.1890),-17.41028732805177
 Nguyen-5'_11_72,None,tensor(0.),<bound method Expression.r2 of <Expression.Expression object at 0x7f6228123430>>
 Nguyen-5'_11_73,4*x + exp(x),tensor(0.0389),-609.7890608479904
 Nguyen-5'_11_74,None,tensor(0.),<bound method Expression.r2 of <Expression.Expression object at 0x7f62301ae880>>
 Nguyen-5'_11_75,sin(x + 5),tensor(0.1443),-34.15166752853967
 Nguyen-5'_11_76,x**2,tensor(0.0711),-169.4599711103949
 Nguyen-5'_11_77,None,tensor(0.),<bound method Expression.r2 of <Expression.Expression object at 0x7f62301ae700>>
 Nguyen-5'_11_78,None,tensor(0.),<bound method Expression.r2 of <Expression.Expression object at 0x7f61eb1f33a0>>
 Nguyen-5'_11_79,None,tensor(0.),<bound method Expression.r2 of <Expression.Expression object at 0x7f6228038be0>>
 Nguyen-5'_11_80,x**2 + x*log(5),tensor(0.0678),-187.79662339723276
 Nguyen-5'_11_81,x**2/2 + tanh(x),tensor(0.0767),-143.92925958109407
 Nguyen-5'_11_82,None,tensor(0.),<bound method Expression.r2 of <Expression.Expression object at 0x7f62700b6640>>
 Nguyen-5'_11_83,log(x + 3),tensor(0.0542),-303.3410087415487
 Nguyen-5'_11_84,x**2 + x + cos(x),tensor(0.0522),-328.40952870962747
 Nguyen-5'_11_85,x*(x*cos(x) + x),tensor(0.0636),-215.55451553342346
 Nguyen-5'_11_86,None,tensor(0.),<bound method Expression.r2 of <Expression.Expression object at 0x7f62700b65b0>>
 Nguyen-5'_11_87,None,tensor(0.),<bound method Expression.r2 of <Expression.Expression object at 0x7f61f037fcd0>>
 Nguyen-5'_11_88,None,tensor(0.),<bound method Expression.r2 of <Expression.Expression object at 0x7f61f037f4f0>>
 Nguyen-5'_11_89,-x**2 + 2*x,tensor(0.0811),-127.30476128599338
 Nguyen-5'_11_90,None,tensor(0.),<bound method Expression.r2 of <Expression.Expression object at 0x7f61f042b220>>
 Nguyen-5'_11_91,None,tensor(0.),<bound method Expression.r2 of <Expression.Expression object at 0x7f61f042bfa0>>
 Nguyen-5'_11_92,atanh(x),tensor(0.0784),-137.06753961514738
 Nguyen-5'_11_93,None,tensor(0.),<bound method Expression.r2 of <Expression.Expression object at 0x7f62301ae430>>
 Nguyen-5'_11_94,None,tensor(0.),<bound method Expression.r2 of <Expression.Expression object at 0x7f62301aed90>>
 Nguyen-5'_11_95,None,tensor(0.),<bound method Expression.r2 of <Expression.Expression object at 0x7f62300b1e50>>
 Nguyen-5'_11_96,None,tensor(0.),<bound method Expression.r2 of <Expression.Expression object at 0x7f62300b1c10>>
 Nguyen-5'_11_97,None,tensor(0.),<bound method Expression.r2 of <Expression.Expression object at 0x7f62300b1970>>
 Nguyen-5'_11_98,-cos(2*x)/2,tensor(0.0947),-90.35676401225193
 Nguyen-5'_11_99,-sin(x),tensor(0.0790),-135.01770837903962
 Nguyen-5'_11_100,None,tensor(0.),<bound method Expression.r2 of <Expression.Expression object at 0x7f62700de490>>
 Nguyen-5'_11_101,None,tensor(0.),<bound method Expression.r2 of <Expression.Expression object at 0x7f61eb1f37f0>>
 Nguyen-5'_11_102,None,tensor(0.),<bound method Expression.r2 of <Expression.Expression object at 0x7f61eb1f35b0>>
 Nguyen-5'_11_103,None,tensor(0.),<bound method Expression.r2 of <Expression.Expression object at 0x7f61eb1f32e0>>
 Nguyen-5'_11_104,None,tensor(0.),<bound method Expression.r2 of <Expression.Expression object at 0x7f6230125ee0>>
 Nguyen-5'_11_105,None,tensor(0.),<bound method Expression.r2 of <Expression.Expression object at 0x7f6230125160>>
 Nguyen-5'_11_106,x + x*cosh(1),tensor(0.0681),-186.1204201658116
 Nguyen-5'_11_107,None,tensor(0.),<bound method Expression.r2 of <Expression.Expression object at 0x7f62780976a0>>
 Nguyen-5'_11_108,None,tensor(0.),<bound method Expression.r2 of <Expression.Expression object at 0x7f6278097430>>
 Nguyen-5'_11_109,None,tensor(0.),<bound method Expression.r2 of <Expression.Expression object at 0x7f61f054d310>>
 Nguyen-5'_11_110,x/(x + 4),tensor(0.0853),-113.9261614423477
 Nguyen-5'_11_111,None,tensor(0.),<bound method Expression.r2 of <Expression.Expression object at 0x7f61f05d4e50>>
 Nguyen-5'_11_112,None,tensor(0.),<bound method Expression.r2 of <Expression.Expression object at 0x7f62280bc310>>
 Nguyen-5'_11_113,None,tensor(0.),<bound method Expression.r2 of <Expression.Expression object at 0x7f627803dbe0>>
 Nguyen-5'_11_114,None,tensor(0.),<bound method Expression.r2 of <Expression.Expression object at 0x7f627803d610>>
 Nguyen-5'_11_115,None,tensor(0.),<bound method Expression.r2 of <Expression.Expression object at 0x7f627803d0d0>>
 Nguyen-5'_11_116,sin(x) + cos(x),tensor(0.0584),-259.03875768885496
 Nguyen-5'_11_117,None,tensor(0.),<bound method Expression.r2 of <Expression.Expression object at 0x7f62301b23a0>>
 Nguyen-5'_11_118,None,tensor(0.),<bound method Expression.r2 of <Expression.Expression object at 0x7f627803d700>>
 Nguyen-5'_11_119,None,tensor(0.),<bound method Expression.r2 of <Expression.Expression object at 0x7f61f0573d30>>
 Nguyen-5'_11_120,log(x**3),tensor(0.),0
 Nguyen-5'_11_121,x/(x + 3),tensor(0.0860),-111.82302590170956
 Nguyen-5'_11_122,None,tensor(0.),<bound method Expression.r2 of <Expression.Expression object at 0x7f61f05c51c0>>
 Nguyen-5'_11_123,None,tensor(0.),<bound method Expression.r2 of <Expression.Expression object at 0x7f623003ddf0>>
 Nguyen-5'_11_124,None,tensor(0.),<bound method Expression.r2 of <Expression.Expression object at 0x7f62300f2370>>
 Nguyen-5'_11_125,1,tensor(0.),0
 Nguyen-5'_11_126,cos(2*x + 4)/2,tensor(0.0909),-99.03644762501656
 Nguyen-5'_11_127,x**6/6 + x**2,tensor(0.0703),-173.9968489031622
 Nguyen-5'_12_0,x - 3*log(x),tensor(0.),0
 Nguyen-5'_12_1,None,tensor(0.),<bound method Expression.r2 of <Expression.Expression object at 0x7f62700dee50>>
 Nguyen-5'_12_2,None,tensor(0.),<bound method Expression.r2 of <Expression.Expression object at 0x7f6278133a60>>
 Nguyen-5'_12_3,None,tensor(0.),<bound method Expression.r2 of <Expression.Expression object at 0x7f6278133ee0>>
 Nguyen-5'_12_4,None,tensor(0.),<bound method Expression.r2 of <Expression.Expression object at 0x7f6278133820>>
 Nguyen-5'_12_5,None,tensor(0.),<bound method Expression.r2 of <Expression.Expression object at 0x7f6278133d30>>
 Nguyen-5'_12_6,2*x - tan(x),tensor(0.0834),-119.83603032285546
 Nguyen-5'_12_7,None,tensor(0.),<bound method Expression.r2 of <Expression.Expression object at 0x7f62781c3d60>>
 Nguyen-5'_12_8,x + log(x + 1),tensor(0.0726),-162.0550647542303
 Nguyen-5'_12_9,None,tensor(0.),<bound method Expression.r2 of <Expression.Expression object at 0x7f62701ae8b0>>
 Nguyen-5'_12_10,x + acos(x)**2,tensor(0.0305),-1009.4259560530376
 Nguyen-5'_12_11,None,tensor(0.),<bound method Expression.r2 of <Expression.Expression object at 0x7f6230182e50>>
 Nguyen-5'_12_12,x**3/6,tensor(0.0843),-117.01133224289742
 Nguyen-5'_12_13,None,tensor(0.),<bound method Expression.r2 of <Expression.Expression object at 0x7f61f04dc2e0>>
 Nguyen-5'_12_14,5*x + 5*tan(x),tensor(0.0231),-1790.8915976096582
 Nguyen-5'_12_15,None,tensor(0.),<bound method Expression.r2 of <Expression.Expression object at 0x7f61f0573040>>
 Nguyen-5'_12_16,None,tensor(0.),<bound method Expression.r2 of <Expression.Expression object at 0x7f61f046c190>>
 Nguyen-5'_12_17,None,tensor(0.),<bound method Expression.r2 of <Expression.Expression object at 0x7f61f046c040>>
 Nguyen-5'_12_18,None,tensor(0.),<bound method Expression.r2 of <Expression.Expression object at 0x7f61f04de400>>
 Nguyen-5'_12_19,None,tensor(0.),<bound method Expression.r2 of <Expression.Expression object at 0x7f61f046c430>>
 Nguyen-5'_12_20,None,tensor(0.),<bound method Expression.r2 of <Expression.Expression object at 0x7f6228179fd0>>
 Nguyen-5'_12_21,None,tensor(0.),<bound method Expression.r2 of <Expression.Expression object at 0x7f61f04b7400>>
 Nguyen-5'_12_22,log(x)/24,tensor(0.),0
 Nguyen-5'_12_23,None,tensor(0.),<bound method Expression.r2 of <Expression.Expression object at 0x7f62700b6bb0>>
 Nguyen-5'_12_24,None,tensor(0.),<bound method Expression.r2 of <Expression.Expression object at 0x7f62701976d0>>
 Nguyen-5'_12_25,2*exp(x),tensor(0.0372),-669.819687908844
 Nguyen-5'_12_26,None,tensor(0.),<bound method Expression.r2 of <Expression.Expression object at 0x7f6270197910>>
 Nguyen-5'_12_27,(x + 5)*exp(x),tensor(0.0184),-2854.724215321515
 Nguyen-5'_12_28,None,tensor(0.),<bound method Expression.r2 of <Expression.Expression object at 0x7f62280b4190>>
 Nguyen-5'_12_29,None,tensor(0.),<bound method Expression.r2 of <Expression.Expression object at 0x7f62300b17f0>>
 Nguyen-5'_12_30,None,tensor(0.),<bound method Expression.r2 of <Expression.Expression object at 0x7f623013be80>>
 Nguyen-5'_12_31,3*x + exp(acosh(x)),tensor(0.),0
 Nguyen-5'_12_32,None,tensor(0.),<bound method Expression.r2 of <Expression.Expression object at 0x7f62281f05b0>>
 Nguyen-5'_12_33,x**4*exp(x),tensor(0.0729),-160.81312248165293
 Nguyen-5'_12_34,x*(x - 1),tensor(0.0670),-193.0629990076475
 Nguyen-5'_12_35,None,tensor(0.),<bound method Expression.r2 of <Expression.Expression object at 0x7f6298064fa0>>
 Nguyen-5'_12_36,None,tensor(0.),<bound method Expression.r2 of <Expression.Expression object at 0x7f62780d65e0>>
 Nguyen-5'_12_37,None,tensor(0.),<bound method Expression.r2 of <Expression.Expression object at 0x7f622814c550>>
 Nguyen-5'_12_38,None,tensor(0.),<bound method Expression.r2 of <Expression.Expression object at 0x7f62300b1400>>
 Nguyen-5'_12_39,(x + 2)**3,tensor(0.0120),-6803.884214123003
 Nguyen-5'_12_40,x*(x + sin(4)),tensor(0.0683),-184.85439905813584
 Nguyen-5'_12_41,x*(atan(x) + 1),tensor(0.0721),-164.5454751897594
 Nguyen-5'_12_42,None,tensor(0.),<bound method Expression.r2 of <Expression.Expression object at 0x7f6230125be0>>
 Nguyen-5'_12_43,None,tensor(0.),<bound method Expression.r2 of <Expression.Expression object at 0x7f6270197670>>
 Nguyen-5'_12_44,None,tensor(0.),<bound method Expression.r2 of <Expression.Expression object at 0x7f62301ae370>>
 Nguyen-5'_12_45,None,tensor(0.),<bound method Expression.r2 of <Expression.Expression object at 0x7f61f0453dc0>>
 Nguyen-5'_12_46,x**3,tensor(0.0838),-118.61084566884684
 Nguyen-5'_12_47,None,tensor(0.),<bound method Expression.r2 of <Expression.Expression object at 0x7f62280bc550>>
 Nguyen-5'_12_48,exp(2*x + 3),tensor(0.0032),-99341.14580156752
 Nguyen-5'_12_49,None,tensor(0.),<bound method Expression.r2 of <Expression.Expression object at 0x7f62301f5850>>
 Nguyen-5'_12_50,-3*x**2 + x,tensor(0.1032),-74.46385888978328
 Nguyen-5'_12_51,None,tensor(0.),<bound method Expression.r2 of <Expression.Expression object at 0x7f622810dfa0>>
 Nguyen-5'_12_52,None,tensor(0.),<bound method Expression.r2 of <Expression.Expression object at 0x7f623012e0d0>>
 Nguyen-5'_12_53,None,tensor(0.),<bound method Expression.r2 of <Expression.Expression object at 0x7f623012ea00>>
 Nguyen-5'_12_54,None,tensor(0.),<bound method Expression.r2 of <Expression.Expression object at 0x7f623012e220>>
 Nguyen-5'_12_55,None,tensor(0.),<bound method Expression.r2 of <Expression.Expression object at 0x7f62281794c0>>
 Nguyen-5'_12_56,x*(3*x + 5),tensor(0.0400),-575.801006233897
 Nguyen-5'_12_57,exp(1 - x),tensor(0.0288),-1137.1153300702929
 Nguyen-5'_12_58,None,tensor(0.),<bound method Expression.r2 of <Expression.Expression object at 0x7f6278133cd0>>
 Nguyen-5'_12_59,None,tensor(0.),<bound method Expression.r2 of <Expression.Expression object at 0x7f627819b550>>
 Nguyen-5'_12_60,44*x**(2/9),tensor(0.),0
 Nguyen-5'_12_61,None,tensor(0.),<bound method Expression.r2 of <Expression.Expression object at 0x7f6270135850>>
 Nguyen-5'_12_62,None,tensor(0.),<bound method Expression.r2 of <Expression.Expression object at 0x7f61f054d790>>
 Nguyen-5'_12_63,-3/x,tensor(0.0037),-73569.84407443713
 Nguyen-5'_12_64,26*x**5/5,tensor(0.0666),-195.41152458909716
 Nguyen-5'_12_65,None,tensor(0.),<bound method Expression.r2 of <Expression.Expression object at 0x7f62781cf370>>
 Nguyen-5'_12_66,2*x*(x + 6),tensor(0.0218),-2010.246771499844
 Nguyen-5'_12_67,None,tensor(0.),<bound method Expression.r2 of <Expression.Expression object at 0x7f62780e9100>>
 Nguyen-5'_12_68,cos(x) + 1,tensor(0.0431),-491.6851860699403
 Nguyen-5'_12_69,None,tensor(0.),<bound method Expression.r2 of <Expression.Expression object at 0x7f62280d1820>>
 Nguyen-5'_12_70,None,tensor(0.),<bound method Expression.r2 of <Expression.Expression object at 0x7f61f01a7d30>>
 Nguyen-5'_12_71,None,tensor(0.),<bound method Expression.r2 of <Expression.Expression object at 0x7f61f02f33a0>>
 Nguyen-5'_12_72,None,tensor(0.),<bound method Expression.r2 of <Expression.Expression object at 0x7f61f03a0550>>
 Nguyen-5'_12_73,None,tensor(0.),<bound method Expression.r2 of <Expression.Expression object at 0x7f61f03a0ca0>>
 Nguyen-5'_12_74,None,tensor(0.),<bound method Expression.r2 of <Expression.Expression object at 0x7f623008b400>>
 Nguyen-5'_12_75,None,tensor(0.),<bound method Expression.r2 of <Expression.Expression object at 0x7f6230154160>>
 Nguyen-5'_12_76,None,tensor(0.),<bound method Expression.r2 of <Expression.Expression object at 0x7f62301aec10>>
 Nguyen-5'_12_77,None,tensor(0.),<bound method Expression.r2 of <Expression.Expression object at 0x7f62301ae100>>
 Nguyen-5'_12_78,None,tensor(0.),<bound method Expression.r2 of <Expression.Expression object at 0x7f61f054c040>>
 Nguyen-5'_12_79,None,tensor(0.),<bound method Expression.r2 of <Expression.Expression object at 0x7f62301b4940>>
 Nguyen-5'_12_80,x*(x + 4) + x,tensor(0.0448),-453.7870032371668
 Nguyen-5'_12_81,2*x - log(cos(x)),tensor(0.0691),-180.68576980586178
 Nguyen-5'_12_82,0,tensor(0.),0
 Nguyen-5'_12_83,None,tensor(0.),<bound method Expression.r2 of <Expression.Expression object at 0x7f61e80ea460>>
 Nguyen-5'_12_84,3*x,tensor(0.0635),-216.80726834414003
 Nguyen-5'_12_85,None,tensor(0.),<bound method Expression.r2 of <Expression.Expression object at 0x7f622803f670>>
 Nguyen-5'_12_86,-x**4 - x,tensor(0.0850),-114.82577890938124
 Nguyen-5'_12_87,x*(x**2 + 2),tensor(0.0674),-190.22859726044155
 Nguyen-5'_12_88,None,tensor(0.),<bound method Expression.r2 of <Expression.Expression object at 0x7f6230100eb0>>
 Nguyen-5'_12_89,None,tensor(0.),<bound method Expression.r2 of <Expression.Expression object at 0x7f61f01a7070>>
 Nguyen-5'_12_90,x**2 + 4*x,tensor(0.0511),-343.2759739300745
 Nguyen-5'_12_91,None,tensor(0.),<bound method Expression.r2 of <Expression.Expression object at 0x7f61f0453f40>>
 Nguyen-5'_12_92,4*x + 5,tensor(0.0228),-1827.8170763281576
 Nguyen-5'_12_93,(x + 5)**5,tensor(4.1725e-05),-574345026.8604597
 Nguyen-5'_12_94,x - 1,tensor(0.1468),-32.75978851339325
 Nguyen-5'_12_95,None,tensor(0.),<bound method Expression.r2 of <Expression.Expression object at 0x7f61f04dc8b0>>
 Nguyen-5'_12_96,x + exp(x) - 3,tensor(0.1142),-59.12139850497773
 Nguyen-5'_12_97,x - 2,tensor(0.1890),-17.41028732805177
 Nguyen-5'_12_98,None,tensor(0.),<bound method Expression.r2 of <Expression.Expression object at 0x7f62701975e0>>
 Nguyen-5'_12_99,x*exp(3),tensor(0.0134),-5383.97446093406
 Nguyen-5'_12_100,None,tensor(0.),<bound method Expression.r2 of <Expression.Expression object at 0x7f6270118ca0>>
 Nguyen-5'_12_101,None,tensor(0.),<bound method Expression.r2 of <Expression.Expression object at 0x7f62780e9580>>
 Nguyen-5'_12_102,2*x - 3*log(x),tensor(0.),0
 Nguyen-5'_12_103,x**2 + 3,tensor(0.0308),-991.4368209876429
 Nguyen-5'_12_104,-x*cos(x) + x,tensor(0.0844),-116.66047397588596
 Nguyen-5'_12_105,-x**2 + tan(x),tensor(0.0909),-99.00512488030179
 Nguyen-5'_12_106,2*x**(3/2)/7,tensor(0.),0
 Nguyen-5'_12_107,x**2,tensor(0.0711),-169.4599711103949
 Nguyen-5'_12_108,None,tensor(0.),<bound method Expression.r2 of <Expression.Expression object at 0x7f62780ac1f0>>
 Nguyen-5'_12_109,None,tensor(0.),<bound method Expression.r2 of <Expression.Expression object at 0x7f6278097d60>>
 Nguyen-5'_12_110,tan(log(x))**2,tensor(0.),0
 Nguyen-5'_12_111,x + exp(-3*x),tensor(0.0221),-1949.0422252057897
 Nguyen-5'_12_112,None,tensor(0.),<bound method Expression.r2 of <Expression.Expression object at 0x7f6230182730>>
 Nguyen-5'_12_113,None,tensor(0.),<bound method Expression.r2 of <Expression.Expression object at 0x7f62701354c0>>
 Nguyen-5'_12_114,None,tensor(0.),<bound method Expression.r2 of <Expression.Expression object at 0x7f62301aebb0>>
 Nguyen-5'_12_115,x + exp(4)/x,tensor(0.0002),-24176168.489437923
 Nguyen-5'_12_116,2/x,tensor(0.0055),-32264.618163529954
 Nguyen-5'_12_117,None,tensor(0.),<bound method Expression.r2 of <Expression.Expression object at 0x7f61f01a7a60>>
 Nguyen-5'_12_118,None,tensor(0.),<bound method Expression.r2 of <Expression.Expression object at 0x7f6270197b80>>
 Nguyen-5'_12_119,None,tensor(0.),<bound method Expression.r2 of <Expression.Expression object at 0x7f62701b4460>>
 Nguyen-5'_12_120,None,tensor(0.),<bound method Expression.r2 of <Expression.Expression object at 0x7f62701b4b20>>
 Nguyen-5'_12_121,None,tensor(0.),<bound method Expression.r2 of <Expression.Expression object at 0x7f62780e96a0>>
 Nguyen-5'_12_122,None,tensor(0.),<bound method Expression.r2 of <Expression.Expression object at 0x7f62780e9490>>
 Nguyen-5'_12_123,None,tensor(0.),<bound method Expression.r2 of <Expression.Expression object at 0x7f6278133d00>>
 Nguyen-5'_12_124,None,tensor(0.),<bound method Expression.r2 of <Expression.Expression object at 0x7f6278133070>>
 Nguyen-5'_12_125,None,tensor(0.),<bound method Expression.r2 of <Expression.Expression object at 0x7f6278133a00>>
 Nguyen-5'_12_126,None,tensor(0.),<bound method Expression.r2 of <Expression.Expression object at 0x7f6278133460>>
 Nguyen-5'_12_127,x*(x + 2*log(x)),tensor(0.),0
 Nguyen-5'_13_0,None,tensor(0.),<bound method Expression.r2 of <Expression.Expression object at 0x7f627012d070>>
 Nguyen-5'_13_1,None,tensor(0.),<bound method Expression.r2 of <Expression.Expression object at 0x7f6278040b80>>
 Nguyen-5'_13_2,None,tensor(0.),<bound method Expression.r2 of <Expression.Expression object at 0x7f62300f28e0>>
 Nguyen-5'_13_3,4*x**2 + x,tensor(0.0467),-416.08733700362325
 Nguyen-5'_13_4,None,tensor(0.),<bound method Expression.r2 of <Expression.Expression object at 0x7f61f04b7d60>>
 Nguyen-5'_13_5,x*cos(3)/3,tensor(0.0829),-121.47510831085542
 Nguyen-5'_13_6,None,tensor(0.),<bound method Expression.r2 of <Expression.Expression object at 0x7f62301b2e80>>
 Nguyen-5'_13_7,None,tensor(0.),<bound method Expression.r2 of <Expression.Expression object at 0x7f61f042f160>>
 Nguyen-5'_13_8,None,tensor(0.),<bound method Expression.r2 of <Expression.Expression object at 0x7f61e80eabb0>>
 Nguyen-5'_13_9,None,tensor(0.),<bound method Expression.r2 of <Expression.Expression object at 0x7f61e80ea940>>
 Nguyen-5'_13_10,9*x**2,tensor(0.0284),-1165.963390231645
 Nguyen-5'_13_11,None,tensor(0.),<bound method Expression.r2 of <Expression.Expression object at 0x7f61f046c340>>
 Nguyen-5'_13_12,None,tensor(0.),<bound method Expression.r2 of <Expression.Expression object at 0x7f623013bac0>>
 Nguyen-5'_13_13,None,tensor(0.),<bound method Expression.r2 of <Expression.Expression object at 0x7f6270130a90>>
 Nguyen-5'_13_14,None,tensor(0.),<bound method Expression.r2 of <Expression.Expression object at 0x7f6270130580>>
 Nguyen-5'_13_15,None,tensor(0.),<bound method Expression.r2 of <Expression.Expression object at 0x7f62701306d0>>
 Nguyen-5'_13_16,-2*cos(x) + cosh(x),tensor(0.1099),-64.53651564608307
 Nguyen-5'_13_17,2*x*exp(-2*x),tensor(0.0388),-613.2329274404591
 Nguyen-5'_13_18,x**9,tensor(0.0841),-117.62996569352862
 Nguyen-5'_13_19,cos(x)/2,tensor(0.0691),-180.7257902841616
 Nguyen-5'_13_20,None,tensor(0.),<bound method Expression.r2 of <Expression.Expression object at 0x7f6278184970>>
 Nguyen-5'_13_21,x + atan(x) + 2,tensor(0.0408),-552.5666834842789
 Nguyen-5'_13_22,-3*x/2,tensor(0.0734),-158.59113035964708
 Nguyen-5'_13_23,None,tensor(0.),<bound method Expression.r2 of <Expression.Expression object at 0x7f62780bd1c0>>
 Nguyen-5'_13_24,None,tensor(0.),<bound method Expression.r2 of <Expression.Expression object at 0x7f6230100130>>
 Nguyen-5'_13_25,None,tensor(0.),<bound method Expression.r2 of <Expression.Expression object at 0x7f6230100ca0>>
 Nguyen-5'_13_26,None,tensor(0.),<bound method Expression.r2 of <Expression.Expression object at 0x7f62b84b7460>>
 Nguyen-5'_13_27,None,tensor(0.),<bound method Expression.r2 of <Expression.Expression object at 0x7f6278123760>>
 Nguyen-5'_13_28,None,tensor(0.),<bound method Expression.r2 of <Expression.Expression object at 0x7f6278123c10>>
 Nguyen-5'_13_29,sin(x + 1),tensor(0.0617),-230.0149284980565
 Nguyen-5'_13_30,sqrt(x) + asinh(x),tensor(0.),0
 Nguyen-5'_13_31,None,tensor(0.),<bound method Expression.r2 of <Expression.Expression object at 0x7f61eb1f3370>>
 Nguyen-5'_13_32,None,tensor(0.),<bound method Expression.r2 of <Expression.Expression object at 0x7f62301aeca0>>
 Nguyen-5'_13_33,None,tensor(0.),<bound method Expression.r2 of <Expression.Expression object at 0x7f62701a9fd0>>
 Nguyen-5'_13_34,None,tensor(0.),<bound method Expression.r2 of <Expression.Expression object at 0x7f62300b16a0>>
 Nguyen-5'_13_35,None,tensor(0.),<bound method Expression.r2 of <Expression.Expression object at 0x7f61f05ebd30>>
 Nguyen-5'_13_36,2*x - 3,tensor(0.0820),-124.43783876197813
 Nguyen-5'_13_37,None,tensor(0.),<bound method Expression.r2 of <Expression.Expression object at 0x7f61f0297550>>
 Nguyen-5'_13_38,2*x + 3,tensor(0.0327),-871.3270172301653
 Nguyen-5'_13_39,None,tensor(0.),<bound method Expression.r2 of <Expression.Expression object at 0x7f62301038b0>>
 Nguyen-5'_13_40,x**2 + 2*x + exp(x),tensor(0.0430),-494.02348988036226
 Nguyen-5'_13_41,None,tensor(0.),<bound method Expression.r2 of <Expression.Expression object at 0x7f62280b4a00>>
 Nguyen-5'_13_42,None,tensor(0.),<bound method Expression.r2 of <Expression.Expression object at 0x7f61eb1f3d90>>
 Nguyen-5'_13_43,1,tensor(0.),0
 Nguyen-5'_13_44,None,tensor(0.),<bound method Expression.r2 of <Expression.Expression object at 0x7f62780873d0>>
 Nguyen-5'_13_45,None,tensor(0.),<bound method Expression.r2 of <Expression.Expression object at 0x7f6278184490>>
 Nguyen-5'_13_46,None,tensor(0.),<bound method Expression.r2 of <Expression.Expression object at 0x7f6230125220>>
 Nguyen-5'_13_47,None,tensor(0.),<bound method Expression.r2 of <Expression.Expression object at 0x7f6230125bb0>>
 Nguyen-5'_13_48,None,tensor(0.),<bound method Expression.r2 of <Expression.Expression object at 0x7f61f02a5a90>>
 Nguyen-5'_13_49,x + (x + 1)/x,tensor(0.0109),-8252.298901981201
 Nguyen-5'_13_50,x**2*sinh(1),tensor(0.0692),-180.20227239271736
 Nguyen-5'_13_51,None,tensor(0.),<bound method Expression.r2 of <Expression.Expression object at 0x7f6230100ac0>>
 Nguyen-5'_13_52,x*tan(2),tensor(0.0663),-197.36558799569954
 Nguyen-5'_13_53,None,tensor(0.),<bound method Expression.r2 of <Expression.Expression object at 0x7f627819b100>>
 Nguyen-5'_13_54,-1/(12*x),tensor(0.0681),-186.4363371097991
 Nguyen-5'_13_55,-x**2 + x + sin(x),tensor(0.0825),-122.67680354435
 Nguyen-5'_13_56,None,tensor(0.),<bound method Expression.r2 of <Expression.Expression object at 0x7f627012d0a0>>
 Nguyen-5'_13_57,-10,tensor(0.),0
 Nguyen-5'_13_58,None,tensor(0.),<bound method Expression.r2 of <Expression.Expression object at 0x7f62300f0be0>>
 Nguyen-5'_13_59,None,tensor(0.),<bound method Expression.r2 of <Expression.Expression object at 0x7f61f03a0670>>
 Nguyen-5'_13_60,None,tensor(0.),<bound method Expression.r2 of <Expression.Expression object at 0x7f61f03a0490>>
 Nguyen-5'_13_61,-3*x**2,tensor(0.1142),-59.19834275306335
 Nguyen-5'_13_62,None,tensor(0.),<bound method Expression.r2 of <Expression.Expression object at 0x7f622810d5e0>>
 Nguyen-5'_13_63,None,tensor(0.),<bound method Expression.r2 of <Expression.Expression object at 0x7f61f057f8b0>>
 Nguyen-5'_13_64,None,tensor(0.),<bound method Expression.r2 of <Expression.Expression object at 0x7f61f057f370>>
 Nguyen-5'_13_65,None,tensor(0.),<bound method Expression.r2 of <Expression.Expression object at 0x7f61f01a7970>>
 Nguyen-5'_13_66,None,tensor(0.),<bound method Expression.r2 of <Expression.Expression object at 0x7f61f01a7d90>>
 Nguyen-5'_13_67,None,tensor(0.),<bound method Expression.r2 of <Expression.Expression object at 0x7f622803f220>>
 Nguyen-5'_13_68,None,tensor(0.),<bound method Expression.r2 of <Expression.Expression object at 0x7f622803f760>>
 Nguyen-5'_13_69,None,tensor(0.),<bound method Expression.r2 of <Expression.Expression object at 0x7f622803fd60>>
 Nguyen-5'_13_70,None,tensor(0.),<bound method Expression.r2 of <Expression.Expression object at 0x7f61f01a7400>>
 Nguyen-5'_13_71,cosh(x)/3,tensor(0.0699),-175.83385800977663
 Nguyen-5'_13_72,None,tensor(0.),<bound method Expression.r2 of <Expression.Expression object at 0x7f6230082c10>>
 Nguyen-5'_13_73,None,tensor(0.),<bound method Expression.r2 of <Expression.Expression object at 0x7f61f0297ac0>>
 Nguyen-5'_13_74,None,tensor(0.),<bound method Expression.r2 of <Expression.Expression object at 0x7f61f0297d60>>
 Nguyen-5'_13_75,x**2/5,tensor(0.0813),-126.71484110808625
 Nguyen-5'_13_76,-x - 2,tensor(0.2069),-13.696113988479091
 Nguyen-5'_13_77,None,tensor(0.),<bound method Expression.r2 of <Expression.Expression object at 0x7f6270197a60>>
 Nguyen-5'_13_78,None,tensor(0.),<bound method Expression.r2 of <Expression.Expression object at 0x7f62700f4370>>
 Nguyen-5'_13_79,None,tensor(0.),<bound method Expression.r2 of <Expression.Expression object at 0x7f62700f49d0>>
 Nguyen-5'_13_80,None,tensor(0.),<bound method Expression.r2 of <Expression.Expression object at 0x7f62701ae190>>
 Nguyen-5'_13_81,None,tensor(0.),<bound method Expression.r2 of <Expression.Expression object at 0x7f62701aeeb0>>
 Nguyen-5'_13_82,None,tensor(0.),<bound method Expression.r2 of <Expression.Expression object at 0x7f62701aedc0>>
 Nguyen-5'_13_83,None,tensor(0.),<bound method Expression.r2 of <Expression.Expression object at 0x7f6278040910>>
 Nguyen-5'_13_84,None,tensor(0.),<bound method Expression.r2 of <Expression.Expression object at 0x7f6278040a60>>
 Nguyen-5'_13_85,None,tensor(0.),<bound method Expression.r2 of <Expression.Expression object at 0x7f6278040f70>>
 Nguyen-5'_13_86,2*sin(x),tensor(0.0756),-148.64774943755546
 Nguyen-5'_13_87,x**2/2 + x + sin(x),tensor(0.0703),-173.68670192231193
 Nguyen-5'_13_88,2*x*(x + 2),tensor(0.0476),-399.2112818849802
 Nguyen-5'_13_89,None,tensor(0.),<bound method Expression.r2 of <Expression.Expression object at 0x7f6228038550>>
 Nguyen-5'_13_90,x + 5/2,tensor(0.0368),-683.1490413068217
 Nguyen-5'_13_91,None,tensor(0.),<bound method Expression.r2 of <Expression.Expression object at 0x7f6270197850>>
 Nguyen-5'_13_92,None,tensor(0.),<bound method Expression.r2 of <Expression.Expression object at 0x7f61f01a7580>>
 Nguyen-5'_13_93,None,tensor(0.),<bound method Expression.r2 of <Expression.Expression object at 0x7f61f01a78e0>>
 Nguyen-5'_13_94,x*(x + cos(x) + 1),tensor(0.0672),-191.9810077677246
 Nguyen-5'_13_95,None,tensor(0.),<bound method Expression.r2 of <Expression.Expression object at 0x7f627007afd0>>
 Nguyen-5'_13_96,None,tensor(0.),<bound method Expression.r2 of <Expression.Expression object at 0x7f62780acd00>>
 Nguyen-5'_13_97,(x**5 + x)**2,tensor(0.0581),-261.353965832516
 Nguyen-5'_13_98,None,tensor(0.),<bound method Expression.r2 of <Expression.Expression object at 0x7f6270133940>>
 Nguyen-5'_13_99,sin(x) + cos(x),tensor(0.0584),-259.03875768885496
 Nguyen-5'_13_100,None,tensor(0.),<bound method Expression.r2 of <Expression.Expression object at 0x7f62301920a0>>
 Nguyen-5'_13_101,None,tensor(0.),<bound method Expression.r2 of <Expression.Expression object at 0x7f6228087940>>
 Nguyen-5'_13_102,None,tensor(0.),<bound method Expression.r2 of <Expression.Expression object at 0x7f62301b41f0>>
 Nguyen-5'_13_103,None,tensor(0.),<bound method Expression.r2 of <Expression.Expression object at 0x7f62301b4490>>
 Nguyen-5'_13_104,6*x**2,tensor(0.0371),-671.0277076851472
 Nguyen-5'_13_105,-cos(x) - 1/3,tensor(0.2134),-12.57995589848946
 Nguyen-5'_13_106,None,tensor(0.),<bound method Expression.r2 of <Expression.Expression object at 0x7f62301aed00>>
 Nguyen-5'_13_107,None,tensor(0.),<bound method Expression.r2 of <Expression.Expression object at 0x7f623012ef70>>
 Nguyen-5'_13_108,None,tensor(0.),<bound method Expression.r2 of <Expression.Expression object at 0x7f62280d1d30>>
 Nguyen-5'_13_109,None,tensor(0.),<bound method Expression.r2 of <Expression.Expression object at 0x7f62780e9820>>
 Nguyen-5'_13_110,x + sin(x),tensor(0.0747),-152.64183911712365
 Nguyen-5'_13_111,x**2*exp(-3),tensor(0.0834),-119.84249118353729
 Nguyen-5'_13_112,None,tensor(0.),<bound method Expression.r2 of <Expression.Expression object at 0x7f623013b760>>
 Nguyen-5'_13_113,x**3*(x + 2),tensor(0.0735),-157.988556804251
 Nguyen-5'_13_114,None,tensor(0.),<bound method Expression.r2 of <Expression.Expression object at 0x7f62780ac460>>
 Nguyen-5'_13_115,x*(x + 6),tensor(0.0395),-591.1208439851282
 Nguyen-5'_13_116,None,tensor(0.),<bound method Expression.r2 of <Expression.Expression object at 0x7f61f0573790>>
 Nguyen-5'_13_117,-2*x**3/3,tensor(0.0823),-123.35977205152011
 Nguyen-5'_13_118,None,tensor(0.),<bound method Expression.r2 of <Expression.Expression object at 0x7f6230072730>>
 Nguyen-5'_13_119,log(2*x),tensor(0.),0
 Nguyen-5'_13_120,None,tensor(0.),<bound method Expression.r2 of <Expression.Expression object at 0x7f62281234c0>>
 Nguyen-5'_13_121,None,tensor(0.),<bound method Expression.r2 of <Expression.Expression object at 0x7f623008baf0>>
 Nguyen-5'_13_122,x + log(x)*sin(1),tensor(0.),0
 Nguyen-5'_13_123,None,tensor(0.),<bound method Expression.r2 of <Expression.Expression object at 0x7f61f02a56a0>>
 Nguyen-5'_13_124,None,tensor(0.),<bound method Expression.r2 of <Expression.Expression object at 0x7f627819b670>>
 Nguyen-5'_13_125,None,tensor(0.),<bound method Expression.r2 of <Expression.Expression object at 0x7f61f02856d0>>
 Nguyen-5'_13_126,None,tensor(0.),<bound method Expression.r2 of <Expression.Expression object at 0x7f62301f0d00>>
 Nguyen-5'_13_127,None,tensor(0.),<bound method Expression.r2 of <Expression.Expression object at 0x7f6278123af0>>
 Nguyen-5'_14_0,None,tensor(0.),<bound method Expression.r2 of <Expression.Expression object at 0x7f623003d850>>
 Nguyen-5'_14_1,2*log(x),tensor(0.),0
 Nguyen-5'_14_2,None,tensor(0.),<bound method Expression.r2 of <Expression.Expression object at 0x7f623003de80>>
 Nguyen-5'_14_3,x*acosh(4*x),tensor(0.),0
 Nguyen-5'_14_4,None,tensor(0.),<bound method Expression.r2 of <Expression.Expression object at 0x7f6228038400>>
 Nguyen-5'_14_5,x*acosh(5),tensor(0.0707),-171.6652867141374
 Nguyen-5'_14_6,None,tensor(0.),<bound method Expression.r2 of <Expression.Expression object at 0x7f61f0297520>>
 Nguyen-5'_14_7,0,tensor(0.),0
 Nguyen-5'_14_8,2*x**2*sin(log(x)),tensor(0.),0
 Nguyen-5'_14_9,x*(x*exp(x) + x),tensor(0.0582),-260.8194344047309
 Nguyen-5'_14_10,None,tensor(0.),<bound method Expression.r2 of <Expression.Expression object at 0x7f61f05731f0>>
 Nguyen-5'_14_11,None,tensor(0.),<bound method Expression.r2 of <Expression.Expression object at 0x7f6230100970>>
 Nguyen-5'_14_12,x*cosh(x) + x,tensor(0.0704),-173.17948552726375
 Nguyen-5'_14_13,None,tensor(0.),<bound method Expression.r2 of <Expression.Expression object at 0x7f62781337c0>>
 Nguyen-5'_14_14,None,tensor(0.),<bound method Expression.r2 of <Expression.Expression object at 0x7f6230082f70>>
 Nguyen-5'_14_15,None,tensor(0.),<bound method Expression.r2 of <Expression.Expression object at 0x7f62300828b0>>
 Nguyen-5'_14_16,None,tensor(0.),<bound method Expression.r2 of <Expression.Expression object at 0x7f6278123c70>>
 Nguyen-5'_14_17,None,tensor(0.),<bound method Expression.r2 of <Expression.Expression object at 0x7f61f0285100>>
 Nguyen-5'_14_18,None,tensor(0.),<bound method Expression.r2 of <Expression.Expression object at 0x7f61f054d130>>
 Nguyen-5'_14_19,x*(x**2 + 1),tensor(0.0774),-141.00831574420968
 Nguyen-5'_14_20,None,tensor(0.),<bound method Expression.r2 of <Expression.Expression object at 0x7f62280bcca0>>
 Nguyen-5'_14_21,None,tensor(0.),<bound method Expression.r2 of <Expression.Expression object at 0x7f622810dbb0>>
 Nguyen-5'_14_22,None,tensor(0.),<bound method Expression.r2 of <Expression.Expression object at 0x7f6230154a60>>
 Nguyen-5'_14_23,None,tensor(0.),<bound method Expression.r2 of <Expression.Expression object at 0x7f61f046cd00>>
 Nguyen-5'_14_24,-sin(5*x)/5,tensor(0.0842),-117.25878671534981
 Nguyen-5'_14_25,None,tensor(0.),<bound method Expression.r2 of <Expression.Expression object at 0x7f62301d6370>>
 Nguyen-5'_14_26,None,tensor(0.),<bound method Expression.r2 of <Expression.Expression object at 0x7f62281f4310>>
 Nguyen-5'_14_27,None,tensor(0.),<bound method Expression.r2 of <Expression.Expression object at 0x7f6270197400>>
 Nguyen-5'_14_28,x/(x + 1),tensor(0.0166),-3487.7602931399933
 Nguyen-5'_14_29,None,tensor(0.),<bound method Expression.r2 of <Expression.Expression object at 0x7f62700f4520>>
 Nguyen-5'_14_30,None,tensor(0.),<bound method Expression.r2 of <Expression.Expression object at 0x7f61e80ea7c0>>
 Nguyen-5'_14_31,None,tensor(0.),<bound method Expression.r2 of <Expression.Expression object at 0x7f6230072ca0>>
 Nguyen-5'_14_32,None,tensor(0.),<bound method Expression.r2 of <Expression.Expression object at 0x7f6230072550>>
 Nguyen-5'_14_33,x + exp(x + 1),tensor(0.0297),-1062.8156290628458
 Nguyen-5'_14_34,None,tensor(0.),<bound method Expression.r2 of <Expression.Expression object at 0x7f61f04dcd90>>
 Nguyen-5'_14_35,x*(x + tan(x) + 1),tensor(0.0582),-260.894164259702
 Nguyen-5'_14_36,None,tensor(0.),<bound method Expression.r2 of <Expression.Expression object at 0x7f62301948b0>>
 Nguyen-5'_14_37,None,tensor(0.),<bound method Expression.r2 of <Expression.Expression object at 0x7f622814c370>>
 Nguyen-5'_14_38,tan(x + 3),tensor(0.0878),-106.94142786958226
 Nguyen-5'_14_39,None,tensor(0.),<bound method Expression.r2 of <Expression.Expression object at 0x7f62300f2bb0>>
 Nguyen-5'_14_40,None,tensor(0.),<bound method Expression.r2 of <Expression.Expression object at 0x7f61f05c5580>>
 Nguyen-5'_14_41,1/(x*cos(x)),tensor(0.0110),-8126.336419410147
 Nguyen-5'_14_42,None,tensor(0.),<bound method Expression.r2 of <Expression.Expression object at 0x7f62280d15e0>>
 Nguyen-5'_14_43,None,tensor(0.),<bound method Expression.r2 of <Expression.Expression object at 0x7f61f042b1c0>>
 Nguyen-5'_14_44,None,tensor(0.),<bound method Expression.r2 of <Expression.Expression object at 0x7f62281df400>>
 Nguyen-5'_14_45,cos(2*x + 5),tensor(0.0753),-149.63924040799964
 Nguyen-5'_14_46,x + 1/(x + 1/x),tensor(0.0771),-142.41159726935723
 Nguyen-5'_14_47,None,tensor(0.),<bound method Expression.r2 of <Expression.Expression object at 0x7f623008b0d0>>
 Nguyen-5'_14_48,None,tensor(0.),<bound method Expression.r2 of <Expression.Expression object at 0x7f6230100730>>
 Nguyen-5'_14_49,None,tensor(0.),<bound method Expression.r2 of <Expression.Expression object at 0x7f62300f0a60>>
 Nguyen-5'_14_50,None,tensor(0.),<bound method Expression.r2 of <Expression.Expression object at 0x7f62701979d0>>
 Nguyen-5'_14_51,None,tensor(0.),<bound method Expression.r2 of <Expression.Expression object at 0x7f62301d6e20>>
 Nguyen-5'_14_52,None,tensor(0.),<bound method Expression.r2 of <Expression.Expression object at 0x7f61f05d4ca0>>
 Nguyen-5'_14_53,x**2 + x,tensor(0.0705),-172.67975465401133
 Nguyen-5'_14_54,None,tensor(0.),<bound method Expression.r2 of <Expression.Expression object at 0x7f6270197610>>
 Nguyen-5'_14_55,None,tensor(0.),<bound method Expression.r2 of <Expression.Expression object at 0x7f62280872e0>>
 Nguyen-5'_14_56,sin(2*x)/2,tensor(0.0836),-119.15078942733517
 Nguyen-5'_14_57,5/3,tensor(0.),0
 Nguyen-5'_14_58,None,tensor(0.),<bound method Expression.r2 of <Expression.Expression object at 0x7f6278133580>>
 Nguyen-5'_14_59,None,tensor(0.),<bound method Expression.r2 of <Expression.Expression object at 0x7f6228038ca0>>
 Nguyen-5'_14_60,None,tensor(0.),<bound method Expression.r2 of <Expression.Expression object at 0x7f6228038b20>>
 Nguyen-5'_14_61,None,tensor(0.),<bound method Expression.r2 of <Expression.Expression object at 0x7f6228038070>>
 Nguyen-5'_14_62,None,tensor(0.),<bound method Expression.r2 of <Expression.Expression object at 0x7f6230125250>>
 Nguyen-5'_14_63,None,tensor(0.),<bound method Expression.r2 of <Expression.Expression object at 0x7f62700f48b0>>
 Nguyen-5'_14_64,None,tensor(0.),<bound method Expression.r2 of <Expression.Expression object at 0x7f62700f4d30>>
 Nguyen-5'_14_65,None,tensor(0.),<bound method Expression.r2 of <Expression.Expression object at 0x7f6278123fa0>>
 Nguyen-5'_14_66,None,tensor(0.),<bound method Expression.r2 of <Expression.Expression object at 0x7f6278123ee0>>
 Nguyen-5'_14_67,-atanh(x),tensor(0.0733),-158.8671232850055
 Nguyen-5'_14_68,None,tensor(0.),<bound method Expression.r2 of <Expression.Expression object at 0x7f61f04ec8e0>>
 Nguyen-5'_14_69,x**(3/4),tensor(0.),0
 Nguyen-5'_14_70,x*exp(x + 1),tensor(0.0456),-437.6927383605975
 Nguyen-5'_14_71,None,tensor(0.),<bound method Expression.r2 of <Expression.Expression object at 0x7f62301548e0>>
 Nguyen-5'_14_72,5*log(1/x),tensor(0.),0
 Nguyen-5'_14_73,4*log(3*x),tensor(0.),0
 Nguyen-5'_14_74,x*(x**5 + x),tensor(0.0660),-199.10298300808952
 Nguyen-5'_14_75,0,tensor(0.),0
 Nguyen-5'_14_76,sin(2*x),tensor(0.0797),-132.51234115504562
 Nguyen-5'_14_77,4*x**3/3,tensor(0.0829),-121.47607794490682
 Nguyen-5'_14_78,None,tensor(0.),<bound method Expression.r2 of <Expression.Expression object at 0x7f61f042fe80>>
 Nguyen-5'_14_79,3*x*exp(-x),tensor(0.0554),-290.07479780382306
 Nguyen-5'_14_80,35*x**2/8,tensor(0.0443),-463.687295348367
 Nguyen-5'_14_81,-x + exp(x),tensor(0.0523),-327.02003654801797
 Nguyen-5'_14_82,x**2/4,tensor(0.0806),-129.08329448229046
 Nguyen-5'_14_83,None,tensor(0.),<bound method Expression.r2 of <Expression.Expression object at 0x7f6230082280>>
 Nguyen-5'_14_84,None,tensor(0.),<bound method Expression.r2 of <Expression.Expression object at 0x7f6278087760>>
 Nguyen-5'_14_85,None,tensor(0.),<bound method Expression.r2 of <Expression.Expression object at 0x7f6278087670>>
 Nguyen-5'_14_86,None,tensor(0.),<bound method Expression.r2 of <Expression.Expression object at 0x7f62701c8790>>
 Nguyen-5'_14_87,None,tensor(0.),<bound method Expression.r2 of <Expression.Expression object at 0x7f61f05eb070>>
 Nguyen-5'_14_88,None,tensor(0.),<bound method Expression.r2 of <Expression.Expression object at 0x7f61f05ebeb0>>
 Nguyen-5'_14_89,x**4/4 + exp(x),tensor(0.0513),-341.593326621499
 Nguyen-5'_14_90,x + tanh(x + 1),tensor(0.0608),-237.35303127983883
 Nguyen-5'_14_91,None,tensor(0.),<bound method Expression.r2 of <Expression.Expression object at 0x7f62301d6850>>
 Nguyen-5'_14_92,None,tensor(0.),<bound method Expression.r2 of <Expression.Expression object at 0x7f61f0394820>>
 Nguyen-5'_14_93,None,tensor(0.),<bound method Expression.r2 of <Expression.Expression object at 0x7f62701b4cd0>>
 Nguyen-5'_14_94,None,tensor(0.),<bound method Expression.r2 of <Expression.Expression object at 0x7f6270197b50>>
 Nguyen-5'_14_95,x*(2*x + 3),tensor(0.0530),-318.5344971670328
 Nguyen-5'_14_96,x**3 + x + 1,tensor(0.0541),-304.8806056593028
 Nguyen-5'_14_97,None,tensor(0.),<bound method Expression.r2 of <Expression.Expression object at 0x7f61f04b7100>>
 Nguyen-5'_14_98,None,tensor(0.),<bound method Expression.r2 of <Expression.Expression object at 0x7f62300f0670>>
 Nguyen-5'_14_99,None,tensor(0.),<bound method Expression.r2 of <Expression.Expression object at 0x7f62780e9fa0>>
 Nguyen-5'_14_100,None,tensor(0.),<bound method Expression.r2 of <Expression.Expression object at 0x7f623008b4f0>>
 Nguyen-5'_14_101,None,tensor(0.),<bound method Expression.r2 of <Expression.Expression object at 0x7f62700f47c0>>
 Nguyen-5'_14_102,None,tensor(0.),<bound method Expression.r2 of <Expression.Expression object at 0x7f62780e9460>>
 Nguyen-5'_14_103,None,tensor(0.),<bound method Expression.r2 of <Expression.Expression object at 0x7f61f02a5580>>
 Nguyen-5'_14_104,None,tensor(0.),<bound method Expression.r2 of <Expression.Expression object at 0x7f61f02a5430>>
 Nguyen-5'_14_105,None,tensor(0.),<bound method Expression.r2 of <Expression.Expression object at 0x7f61f02a5550>>
 Nguyen-5'_14_106,x + cos(x),tensor(0.0582),-260.4016135745738
 Nguyen-5'_14_107,2*x**3*exp(x),tensor(0.0629),-220.71690510474164
 Nguyen-5'_14_108,None,tensor(0.),<bound method Expression.r2 of <Expression.Expression object at 0x7f62301f0460>>
 Nguyen-5'_14_109,None,tensor(0.),<bound method Expression.r2 of <Expression.Expression object at 0x7f62281df9a0>>
 Nguyen-5'_14_110,None,tensor(0.),<bound method Expression.r2 of <Expression.Expression object at 0x7f62281df490>>
 Nguyen-5'_14_111,exp(4*x),tensor(0.0117),-7131.724325280235
 Nguyen-5'_14_112,None,tensor(0.),<bound method Expression.r2 of <Expression.Expression object at 0x7f61f02a5dc0>>
 Nguyen-5'_14_113,x**2,tensor(0.0711),-169.4599711103949
 Nguyen-5'_14_114,None,tensor(0.),<bound method Expression.r2 of <Expression.Expression object at 0x7f622803fee0>>
 Nguyen-5'_14_115,None,tensor(0.),<bound method Expression.r2 of <Expression.Expression object at 0x7f62281798b0>>
 Nguyen-5'_14_116,exp(x - 2),tensor(0.0780),-138.90822172895616
 Nguyen-5'_14_117,3*x,tensor(0.0635),-216.80726834414003
 Nguyen-5'_14_118,None,tensor(0.),<bound method Expression.r2 of <Expression.Expression object at 0x7f62780405e0>>
 Nguyen-5'_14_119,None,tensor(0.),<bound method Expression.r2 of <Expression.Expression object at 0x7f62701a30d0>>
 Nguyen-5'_14_120,None,tensor(0.),<bound method Expression.r2 of <Expression.Expression object at 0x7f62701a3b20>>
 Nguyen-5'_14_121,-4,tensor(0.),0
 Nguyen-5'_14_122,None,tensor(0.),<bound method Expression.r2 of <Expression.Expression object at 0x7f62280f5970>>
 Nguyen-5'_14_123,None,tensor(0.),<bound method Expression.r2 of <Expression.Expression object at 0x7f61f04c2dc0>>
 Nguyen-5'_14_124,None,tensor(0.),<bound method Expression.r2 of <Expression.Expression object at 0x7f61f04c2640>>
 Nguyen-5'_14_125,None,tensor(0.),<bound method Expression.r2 of <Expression.Expression object at 0x7f61f04c29d0>>
 Nguyen-5'_14_126,None,tensor(0.),<bound method Expression.r2 of <Expression.Expression object at 0x7f61f04c2d60>>
 Nguyen-5'_14_127,None,tensor(0.),<bound method Expression.r2 of <Expression.Expression object at 0x7f61f04c21c0>>
 Nguyen-5'_15_0,None,tensor(0.),<bound method Expression.r2 of <Expression.Expression object at 0x7f6228168f40>>
 Nguyen-5'_15_1,None,tensor(0.),<bound method Expression.r2 of <Expression.Expression object at 0x7f62701a3820>>
 Nguyen-5'_15_2,None,tensor(0.),<bound method Expression.r2 of <Expression.Expression object at 0x7f6278097a30>>
 Nguyen-5'_15_3,x + tan(1),tensor(0.0466),-416.6695349208752
 Nguyen-5'_15_4,None,tensor(0.),<bound method Expression.r2 of <Expression.Expression object at 0x7f62780d6c70>>
 Nguyen-5'_15_5,x*(x + cos(x)) + 2*x,tensor(0.0604),-241.22816387100096
 Nguyen-5'_15_6,None,tensor(0.),<bound method Expression.r2 of <Expression.Expression object at 0x7f62301921f0>>
 Nguyen-5'_15_7,None,tensor(0.),<bound method Expression.r2 of <Expression.Expression object at 0x7f62300f2b50>>
 Nguyen-5'_15_8,x*(x + cos(x + 1)),tensor(0.0810),-127.70043229039382
 Nguyen-5'_15_9,None,tensor(0.),<bound method Expression.r2 of <Expression.Expression object at 0x7f61e80ea100>>
 Nguyen-5'_15_10,3*x*tan(1),tensor(0.0489),-376.8642912697236
 Nguyen-5'_15_11,3*x*sin(x),tensor(0.0550),-293.6775110823857
 Nguyen-5'_15_12,None,tensor(0.),<bound method Expression.r2 of <Expression.Expression object at 0x7f6278087370>>
 Nguyen-5'_15_13,cosh(x) + asin(x),tensor(0.0520),-331.15179701694575
 Nguyen-5'_15_14,cos(x + 4),tensor(0.1150),-58.2782824705357
 Nguyen-5'_15_15,None,tensor(0.),<bound method Expression.r2 of <Expression.Expression object at 0x7f62300b1b50>>
 Nguyen-5'_15_16,-x + log(cos(x)),tensor(0.0851),-114.65711581130144
 Nguyen-5'_15_17,x + 1/(x + 4),tensor(0.0735),-158.1247513815545
 Nguyen-5'_15_18,None,tensor(0.),<bound method Expression.r2 of <Expression.Expression object at 0x7f62300b15e0>>
 Nguyen-5'_15_19,None,tensor(0.),<bound method Expression.r2 of <Expression.Expression object at 0x7f62701a9b50>>
 Nguyen-5'_15_20,None,tensor(0.),<bound method Expression.r2 of <Expression.Expression object at 0x7f62780d66d0>>
 Nguyen-5'_15_21,-x**6/2,tensor(0.0869),-109.3857387699021
 Nguyen-5'_15_22,log(cos(x))/x,tensor(0.0815),-125.98598546207394
 Nguyen-5'_15_23,(x + 1)**4,tensor(0.0254),-1467.5912538765178
 Nguyen-5'_15_24,None,tensor(0.),<bound method Expression.r2 of <Expression.Expression object at 0x7f61f01a79a0>>
 Nguyen-5'_15_25,4*x + exp(x),tensor(0.0389),-609.7890608479904
 Nguyen-5'_15_26,None,tensor(0.),<bound method Expression.r2 of <Expression.Expression object at 0x7f61f04531f0>>
 Nguyen-5'_15_27,None,tensor(0.),<bound method Expression.r2 of <Expression.Expression object at 0x7f62301ae190>>
 Nguyen-5'_15_28,None,tensor(0.),<bound method Expression.r2 of <Expression.Expression object at 0x7f62280b4520>>
 Nguyen-5'_15_29,None,tensor(0.),<bound method Expression.r2 of <Expression.Expression object at 0x7f61f04b7c40>>
 Nguyen-5'_15_30,None,tensor(0.),<bound method Expression.r2 of <Expression.Expression object at 0x7f61f04b7280>>
 Nguyen-5'_15_31,None,tensor(0.),<bound method Expression.r2 of <Expression.Expression object at 0x7f6278040fa0>>
 Nguyen-5'_15_32,None,tensor(0.),<bound method Expression.r2 of <Expression.Expression object at 0x7f6278040730>>
 Nguyen-5'_15_33,None,tensor(0.),<bound method Expression.r2 of <Expression.Expression object at 0x7f623003d700>>
 Nguyen-5'_15_34,None,tensor(0.),<bound method Expression.r2 of <Expression.Expression object at 0x7f623003d250>>
 Nguyen-5'_15_35,x**2*acos(x),tensor(0.0624),-225.02552912011785
 Nguyen-5'_15_36,2*x + sin(x + 4),tensor(0.1077),-67.58928198852186
 Nguyen-5'_15_37,x*cos(log(x)),tensor(0.),0
 Nguyen-5'_15_38,None,tensor(0.),<bound method Expression.r2 of <Expression.Expression object at 0x7f62b84b71f0>>
 Nguyen-5'_15_39,-x + sinh(x),tensor(0.0843),-116.99582052040887
 Nguyen-5'_15_40,22*x + sin(x),tensor(0.0118),-6988.230753144866
 Nguyen-5'_15_41,None,tensor(0.),<bound method Expression.r2 of <Expression.Expression object at 0x7f61f0530220>>
 Nguyen-5'_15_42,None,tensor(0.),<bound method Expression.r2 of <Expression.Expression object at 0x7f61f0530bb0>>
 Nguyen-5'_15_43,None,tensor(0.),<bound method Expression.r2 of <Expression.Expression object at 0x7f62301ba880>>
 Nguyen-5'_15_44,None,tensor(0.),<bound method Expression.r2 of <Expression.Expression object at 0x7f6278058910>>
 Nguyen-5'_15_45,x**2 - x + 2,tensor(0.0371),-674.3177303517942
 Nguyen-5'_15_46,-x**2 - x,tensor(0.0907),-99.57681176548881
 Nguyen-5'_15_47,4*x**6 + x,tensor(0.0610),-236.068160000773
 Nguyen-5'_15_48,None,tensor(0.),<bound method Expression.r2 of <Expression.Expression object at 0x7f623012e8e0>>
 Nguyen-5'_15_49,None,tensor(0.),<bound method Expression.r2 of <Expression.Expression object at 0x7f6270133460>>
 Nguyen-5'_15_50,sinh(x)*cosh(x),tensor(0.0787),-136.10792200909157
 Nguyen-5'_15_51,x*sin(x) - x,tensor(0.0680),-186.8670130689953
 Nguyen-5'_15_52,-x**2/2,tensor(0.0914),-97.80013538238828
 Nguyen-5'_15_53,None,tensor(0.),<bound method Expression.r2 of <Expression.Expression object at 0x7f61f057fb80>>
 Nguyen-5'_15_54,None,tensor(0.),<bound method Expression.r2 of <Expression.Expression object at 0x7f61f037f610>>
 Nguyen-5'_15_55,1/(2*x + 4),tensor(0.0733),-158.73505911206556
 Nguyen-5'_15_56,None,tensor(0.),<bound method Expression.r2 of <Expression.Expression object at 0x7f6230154580>>
 Nguyen-5'_15_57,None,tensor(0.),<bound method Expression.r2 of <Expression.Expression object at 0x7f61f037f970>>
 Nguyen-5'_15_58,None,tensor(0.),<bound method Expression.r2 of <Expression.Expression object at 0x7f6230103be0>>
 Nguyen-5'_15_59,None,tensor(0.),<bound method Expression.r2 of <Expression.Expression object at 0x7f62701b47c0>>
 Nguyen-5'_15_60,x**2 + 6*x,tensor(0.0395),-591.1208439851282
 Nguyen-5'_15_61,2*x + cosh(x),tensor(0.0503),-355.43942400194203
 Nguyen-5'_15_62,None,tensor(0.),<bound method Expression.r2 of <Expression.Expression object at 0x7f61f02a5910>>
 Nguyen-5'_15_63,x*(3*x + 1),tensor(0.0530),-318.7852228369487
 Nguyen-5'_15_64,sqrt(x) + x**2 + tan(x),tensor(0.),0
 Nguyen-5'_15_65,x*cos(4) + x,tensor(0.0844),-116.76714866824359
 Nguyen-5'_15_66,None,tensor(0.),<bound method Expression.r2 of <Expression.Expression object at 0x7f62301000d0>>
 Nguyen-5'_15_67,exp(x**2),tensor(0.0473),-404.1058264913029
 Nguyen-5'_15_68,3*log(x)/2,tensor(0.),0
 Nguyen-5'_15_69,None,tensor(0.),<bound method Expression.r2 of <Expression.Expression object at 0x7f62301b1c10>>
 Nguyen-5'_15_70,None,tensor(0.),<bound method Expression.r2 of <Expression.Expression object at 0x7f6278184640>>
 Nguyen-5'_15_71,None,tensor(0.),<bound method Expression.r2 of <Expression.Expression object at 0x7f6278184f40>>
 Nguyen-5'_15_72,None,tensor(0.),<bound method Expression.r2 of <Expression.Expression object at 0x7f61f01704f0>>
 Nguyen-5'_15_73,None,tensor(0.),<bound method Expression.r2 of <Expression.Expression object at 0x7f61f0170f10>>
 Nguyen-5'_15_74,2*x + cos(2*x),tensor(0.0613),-233.21767415522638
 Nguyen-5'_15_75,None,tensor(0.),<bound method Expression.r2 of <Expression.Expression object at 0x7f6230192370>>
 Nguyen-5'_15_76,x*tan(x) - x,tensor(0.0640),-212.76191925523145
 Nguyen-5'_15_77,2*x + cos(x + 2),tensor(0.0963),-87.06664525979791
 Nguyen-5'_15_78,None,tensor(0.),<bound method Expression.r2 of <Expression.Expression object at 0x7f61f04dc640>>
 Nguyen-5'_15_79,1/(22*x),tensor(0.0810),-127.60747487658304
 Nguyen-5'_15_80,None,tensor(0.),<bound method Expression.r2 of <Expression.Expression object at 0x7f62281dff10>>
 Nguyen-5'_15_81,None,tensor(0.),<bound method Expression.r2 of <Expression.Expression object at 0x7f6230192d30>>
 Nguyen-5'_15_82,None,tensor(0.),<bound method Expression.r2 of <Expression.Expression object at 0x7f62301aeee0>>
 Nguyen-5'_15_83,x**2,tensor(0.0711),-169.4599711103949
 Nguyen-5'_15_84,None,tensor(0.),<bound method Expression.r2 of <Expression.Expression object at 0x7f62301b29d0>>
 Nguyen-5'_15_85,x*sinh(x) - x,tensor(0.0659),-199.97476407708515
 Nguyen-5'_15_86,x**3,tensor(0.0838),-118.61084566884684
 Nguyen-5'_15_87,(x**2 + x)/x,tensor(0.0553),-290.7601237011175
 Nguyen-5'_15_88,None,tensor(0.),<bound method Expression.r2 of <Expression.Expression object at 0x7f62300727f0>>
 Nguyen-5'_15_89,None,tensor(0.),<bound method Expression.r2 of <Expression.Expression object at 0x7f62300f0970>>
 Nguyen-5'_15_90,None,tensor(0.),<bound method Expression.r2 of <Expression.Expression object at 0x7f62300f0400>>
 Nguyen-5'_15_91,2*x + 1/2,tensor(0.0619),-228.6420825102354
 Nguyen-5'_15_92,None,tensor(0.),<bound method Expression.r2 of <Expression.Expression object at 0x7f6228038160>>
 Nguyen-5'_15_93,-3*x + sin(x),tensor(0.0672),-191.76547515528875
 Nguyen-5'_15_94,None,tensor(0.),<bound method Expression.r2 of <Expression.Expression object at 0x7f62301b16a0>>
 Nguyen-5'_15_95,None,tensor(0.),<bound method Expression.r2 of <Expression.Expression object at 0x7f62280b4640>>
 Nguyen-5'_15_96,None,tensor(0.),<bound method Expression.r2 of <Expression.Expression object at 0x7f61f05c5280>>
 Nguyen-5'_15_97,x*(-1/2 + 1/x),tensor(0.0546),-298.24980972735125
 Nguyen-5'_15_98,None,tensor(0.),<bound method Expression.r2 of <Expression.Expression object at 0x7f61e80eab20>>
 Nguyen-5'_15_99,None,tensor(0.),<bound method Expression.r2 of <Expression.Expression object at 0x7f623008b1c0>>
 Nguyen-5'_15_100,None,tensor(0.),<bound method Expression.r2 of <Expression.Expression object at 0x7f62700f40d0>>
 Nguyen-5'_15_101,2*x*atan(x),tensor(0.0637),-215.2785142788401
 Nguyen-5'_15_102,None,tensor(0.),<bound method Expression.r2 of <Expression.Expression object at 0x7f61f03948e0>>
 Nguyen-5'_15_103,None,tensor(0.),<bound method Expression.r2 of <Expression.Expression object at 0x7f61f0394f10>>
 Nguyen-5'_15_104,x**3/511,tensor(0.0841),-117.63589692839192
 Nguyen-5'_15_105,None,tensor(0.),<bound method Expression.r2 of <Expression.Expression object at 0x7f6270133190>>
 Nguyen-5'_15_106,3*x*sqrt(x + 5),tensor(0.0367),-689.0250862804253
 Nguyen-5'_15_107,x**3/7,tensor(0.0843),-117.08241811090888
 Nguyen-5'_15_108,None,tensor(0.),<bound method Expression.r2 of <Expression.Expression object at 0x7f61f05eb040>>
 Nguyen-5'_15_109,x*(x**5 + x),tensor(0.0660),-199.10298300808952
 Nguyen-5'_15_110,None,tensor(0.),<bound method Expression.r2 of <Expression.Expression object at 0x7f62301d66a0>>
 Nguyen-5'_15_111,x**2*asinh(x),tensor(0.0840),-117.99085655226499
 Nguyen-5'_15_112,None,tensor(0.),<bound method Expression.r2 of <Expression.Expression object at 0x7f62701a3d00>>
 Nguyen-5'_15_113,None,tensor(0.),<bound method Expression.r2 of <Expression.Expression object at 0x7f62701a34c0>>
 Nguyen-5'_15_114,x - 1/2,tensor(0.1069),-68.84720570819414
 Nguyen-5'_15_115,None,tensor(0.),<bound method Expression.r2 of <Expression.Expression object at 0x7f6230194e50>>
 Nguyen-5'_15_116,None,tensor(0.),<bound method Expression.r2 of <Expression.Expression object at 0x7f6230194a00>>
 Nguyen-5'_15_117,log(x**2 + 1),tensor(0.0737),-157.1140884767152
 Nguyen-5'_15_118,acos(x)/3,tensor(0.0653),-203.79449057426962
 Nguyen-5'_15_119,x**2*cos(4),tensor(0.0937),-92.51377879043906
 Nguyen-5'_15_120,3,tensor(0.),0
 Nguyen-5'_15_121,None,tensor(0.),<bound method Expression.r2 of <Expression.Expression object at 0x7f62300b1f40>>
 Nguyen-5'_15_122,None,tensor(0.),<bound method Expression.r2 of <Expression.Expression object at 0x7f61f054d2e0>>
 Nguyen-5'_15_123,None,tensor(0.),<bound method Expression.r2 of <Expression.Expression object at 0x7f61f054d940>>
 Nguyen-5'_15_124,x*(x + sinh(x)),tensor(0.0598),-245.96955843556964
 Nguyen-5'_15_125,cosh(x)**2,tensor(0.0483),-387.84728281479755
 Nguyen-5'_15_126,None,tensor(0.),<bound method Expression.r2 of <Expression.Expression object at 0x7f61f03e1ee0>>
 Nguyen-5'_15_127,None,tensor(0.),<bound method Expression.r2 of <Expression.Expression object at 0x7f61f05ebc40>>
 Nguyen-5'_16_0,None,tensor(0.),<bound method Expression.r2 of <Expression.Expression object at 0x7f627819bca0>>
 Nguyen-5'_16_1,None,tensor(0.),<bound method Expression.r2 of <Expression.Expression object at 0x7f627819b700>>
 Nguyen-5'_16_2,None,tensor(0.),<bound method Expression.r2 of <Expression.Expression object at 0x7f62300729a0>>
 Nguyen-5'_16_3,None,tensor(0.),<bound method Expression.r2 of <Expression.Expression object at 0x7f629803eee0>>
 Nguyen-5'_16_4,log(x**(3/2)),tensor(0.),0
 Nguyen-5'_16_5,None,tensor(0.),<bound method Expression.r2 of <Expression.Expression object at 0x7f62780d6250>>
 Nguyen-5'_16_6,None,tensor(0.),<bound method Expression.r2 of <Expression.Expression object at 0x7f61f02a5100>>
 Nguyen-5'_16_7,None,tensor(0.),<bound method Expression.r2 of <Expression.Expression object at 0x7f62780ac550>>
 Nguyen-5'_16_8,3*x**2/2 + x,tensor(0.0654),-203.14377668094423
 Nguyen-5'_16_9,None,tensor(0.),<bound method Expression.r2 of <Expression.Expression object at 0x7f61f0215fa0>>
 Nguyen-5'_16_10,None,tensor(0.),<bound method Expression.r2 of <Expression.Expression object at 0x7f622810d400>>
 Nguyen-5'_16_11,None,tensor(0.),<bound method Expression.r2 of <Expression.Expression object at 0x7f61f05c5ac0>>
 Nguyen-5'_16_12,None,tensor(0.),<bound method Expression.r2 of <Expression.Expression object at 0x7f61f05c5be0>>
 Nguyen-5'_16_13,None,tensor(0.),<bound method Expression.r2 of <Expression.Expression object at 0x7f6228179580>>
 Nguyen-5'_16_14,x + asinh(x),tensor(0.0745),-153.45318870049766
 Nguyen-5'_16_15,None,tensor(0.),<bound method Expression.r2 of <Expression.Expression object at 0x7f62280d1490>>
 Nguyen-5'_16_16,None,tensor(0.),<bound method Expression.r2 of <Expression.Expression object at 0x7f61f04ec5e0>>
 Nguyen-5'_16_17,None,tensor(0.),<bound method Expression.r2 of <Expression.Expression object at 0x7f6228179820>>
 Nguyen-5'_16_18,None,tensor(0.),<bound method Expression.r2 of <Expression.Expression object at 0x7f6228179cd0>>
 Nguyen-5'_16_19,None,tensor(0.),<bound method Expression.r2 of <Expression.Expression object at 0x7f62301d6190>>
 Nguyen-5'_16_20,(2*x + 3)**2,tensor(0.0119),-6870.27878336649
 Nguyen-5'_16_21,None,tensor(0.),<bound method Expression.r2 of <Expression.Expression object at 0x7f62300f04c0>>
 Nguyen-5'_16_22,3*sin(x),tensor(0.0663),-197.0228393624382
 Nguyen-5'_16_23,x*(x + sin(x)),tensor(0.0618),-229.74854762222046
 Nguyen-5'_16_24,None,tensor(0.),<bound method Expression.r2 of <Expression.Expression object at 0x7f61f01a72b0>>
 Nguyen-5'_16_25,None,tensor(0.),<bound method Expression.r2 of <Expression.Expression object at 0x7f62280b4730>>
 Nguyen-5'_16_26,x + sinh(2*x),tensor(0.0547),-297.8660526575236
 Nguyen-5'_16_27,None,tensor(0.),<bound method Expression.r2 of <Expression.Expression object at 0x7f62280b45b0>>
 Nguyen-5'_16_28,None,tensor(0.),<bound method Expression.r2 of <Expression.Expression object at 0x7f62781dda30>>
 Nguyen-5'_16_29,None,tensor(0.),<bound method Expression.r2 of <Expression.Expression object at 0x7f62781dd2e0>>
 Nguyen-5'_16_30,None,tensor(0.),<bound method Expression.r2 of <Expression.Expression object at 0x7f62301f5730>>
 Nguyen-5'_16_31,None,tensor(0.),<bound method Expression.r2 of <Expression.Expression object at 0x7f62301f5040>>
 Nguyen-5'_16_32,log(x)*log(cos(x)),tensor(0.),0
 Nguyen-5'_16_33,None,tensor(0.),<bound method Expression.r2 of <Expression.Expression object at 0x7f6278040e20>>
 Nguyen-5'_16_34,3*sinh(x),tensor(0.0604),-241.01249483203122
 Nguyen-5'_16_35,2*log(x) + sin(x),tensor(0.),0
 Nguyen-5'_16_36,None,tensor(0.),<bound method Expression.r2 of <Expression.Expression object at 0x7f61f05c53a0>>
 Nguyen-5'_16_37,None,tensor(0.),<bound method Expression.r2 of <Expression.Expression object at 0x7f61f01a7c10>>
 Nguyen-5'_16_38,x + sin(x + 5),tensor(0.1226),-50.225299379327886
 Nguyen-5'_16_39,exp(x) - 2*cos(x),tensor(0.1042),-72.97532254425967
 Nguyen-5'_16_40,None,tensor(0.),<bound method Expression.r2 of <Expression.Expression object at 0x7f6278097850>>
 Nguyen-5'_16_41,2*x + 2*log(x),tensor(0.),0
 Nguyen-5'_16_42,5*cos(2*x),tensor(0.0345),-780.2501151506087
 Nguyen-5'_16_43,x*exp(2*x),tensor(0.0494),-369.8611313423292
 Nguyen-5'_16_44,sin(2*x + 4)/2,tensor(0.0898),-101.78266500255624
 Nguyen-5'_16_45,x - sin(x),tensor(0.0843),-117.02683361106206
 Nguyen-5'_16_46,exp(x + 1),tensor(0.0307),-992.705396320471
 Nguyen-5'_16_47,None,tensor(0.),<bound method Expression.r2 of <Expression.Expression object at 0x7f61f03e1b80>>
 Nguyen-5'_16_48,None,tensor(0.),<bound method Expression.r2 of <Expression.Expression object at 0x7f61f05eb610>>
 Nguyen-5'_16_49,tanh(x) + 1,tensor(0.0555),-288.9452316745397
 Nguyen-5'_16_50,None,tensor(0.),<bound method Expression.r2 of <Expression.Expression object at 0x7f627817fd60>>
 Nguyen-5'_16_51,None,tensor(0.),<bound method Expression.r2 of <Expression.Expression object at 0x7f627817f760>>
 Nguyen-5'_16_52,None,tensor(0.),<bound method Expression.r2 of <Expression.Expression object at 0x7f627817fb50>>
 Nguyen-5'_16_53,None,tensor(0.),<bound method Expression.r2 of <Expression.Expression object at 0x7f62780585e0>>
 Nguyen-5'_16_54,None,tensor(0.),<bound method Expression.r2 of <Expression.Expression object at 0x7f6278058250>>
 Nguyen-5'_16_55,None,tensor(0.),<bound method Expression.r2 of <Expression.Expression object at 0x7f6278058df0>>
 Nguyen-5'_16_56,cos(x/9),tensor(0.0555),-288.6125966598582
 Nguyen-5'_16_57,None,tensor(0.),<bound method Expression.r2 of <Expression.Expression object at 0x7f61f03e1430>>
 Nguyen-5'_16_58,sin(x) + cos(x),tensor(0.0584),-259.03875768885496
 Nguyen-5'_16_59,x + 2,tensor(0.0415),-533.4109577035002
 Nguyen-5'_16_60,None,tensor(0.),<bound method Expression.r2 of <Expression.Expression object at 0x7f6270135f70>>
 Nguyen-5'_16_61,None,tensor(0.),<bound method Expression.r2 of <Expression.Expression object at 0x7f6228038310>>
 Nguyen-5'_16_62,None,tensor(0.),<bound method Expression.r2 of <Expression.Expression object at 0x7f6278097c40>>
 Nguyen-5'_16_63,acosh(x + 5),tensor(0.0387),-617.516744442734
 Nguyen-5'_16_64,None,tensor(0.),<bound method Expression.r2 of <Expression.Expression object at 0x7f62700b6070>>
 Nguyen-5'_16_65,None,tensor(0.),<bound method Expression.r2 of <Expression.Expression object at 0x7f61f0530640>>
 Nguyen-5'_16_66,None,tensor(0.),<bound method Expression.r2 of <Expression.Expression object at 0x7f62781c3580>>
 Nguyen-5'_16_67,x**2*sin(5),tensor(0.0983),-83.14255722950261
 Nguyen-5'_16_68,None,tensor(0.),<bound method Expression.r2 of <Expression.Expression object at 0x7f62301b2400>>
 Nguyen-5'_16_69,exp(x)/3,tensor(0.0702),-174.22748049464545
 Nguyen-5'_16_70,None,tensor(0.),<bound method Expression.r2 of <Expression.Expression object at 0x7f61f04b7be0>>
 Nguyen-5'_16_71,None,tensor(0.),<bound method Expression.r2 of <Expression.Expression object at 0x7f623012e1c0>>
 Nguyen-5'_16_72,x**2*(x + sin(x)),tensor(0.0807),-128.8385405184532
 Nguyen-5'_16_73,tan(x) + acos(x),tensor(0.0465),-419.3177898969337
 Nguyen-5'_16_74,x**2 + x + log(x),tensor(0.),0
 Nguyen-5'_16_75,x + log(x)/x,tensor(0.),0
 Nguyen-5'_16_76,None,tensor(0.),<bound method Expression.r2 of <Expression.Expression object at 0x7f61f0453820>>
 Nguyen-5'_16_77,x + acosh(2),tensor(0.0500),-359.4685990976534
 Nguyen-5'_16_78,asin(x - 1),tensor(0.),0
 Nguyen-5'_16_79,3*x + exp(x),tensor(0.0428),-499.5896331062579
 Nguyen-5'_16_80,x**2 - 2*x,tensor(0.0601),-243.48883834576907
 Nguyen-5'_16_81,None,tensor(0.),<bound method Expression.r2 of <Expression.Expression object at 0x7f62301af490>>
 Nguyen-5'_16_82,None,tensor(0.),<bound method Expression.r2 of <Expression.Expression object at 0x7f61f0283520>>
 Nguyen-5'_16_83,None,tensor(0.),<bound method Expression.r2 of <Expression.Expression object at 0x7f61f02a5cd0>>
 Nguyen-5'_16_84,2*x + tan(sin(x)),tensor(0.0626),-222.88336000079377
 Nguyen-5'_16_85,None,tensor(0.),<bound method Expression.r2 of <Expression.Expression object at 0x7f623008b3a0>>
 Nguyen-5'_16_86,None,tensor(0.),<bound method Expression.r2 of <Expression.Expression object at 0x7f62701a99d0>>
 Nguyen-5'_16_87,None,tensor(0.),<bound method Expression.r2 of <Expression.Expression object at 0x7f62701a9a00>>
 Nguyen-5'_16_88,None,tensor(0.),<bound method Expression.r2 of <Expression.Expression object at 0x7f62701a9d00>>
 Nguyen-5'_16_89,None,tensor(0.),<bound method Expression.r2 of <Expression.Expression object at 0x7f62280877f0>>
 Nguyen-5'_16_90,None,tensor(0.),<bound method Expression.r2 of <Expression.Expression object at 0x7f6228087bb0>>
 Nguyen-5'_16_91,None,tensor(0.),<bound method Expression.r2 of <Expression.Expression object at 0x7f62280878b0>>
 Nguyen-5'_16_92,None,tensor(0.),<bound method Expression.r2 of <Expression.Expression object at 0x7f62280870a0>>
 Nguyen-5'_16_93,None,tensor(0.),<bound method Expression.r2 of <Expression.Expression object at 0x7f62280878e0>>
 Nguyen-5'_16_94,-sin(x),tensor(0.0790),-135.01770837903962
 Nguyen-5'_16_95,x + 2,tensor(0.0415),-533.4109577035002
 Nguyen-5'_16_96,3,tensor(0.),0
 Nguyen-5'_16_97,None,tensor(0.),<bound method Expression.r2 of <Expression.Expression object at 0x7f62701333a0>>
 Nguyen-5'_16_98,x + sinh(x),tensor(0.0727),-161.86408455471945
 Nguyen-5'_16_99,None,tensor(0.),<bound method Expression.r2 of <Expression.Expression object at 0x7f6228123580>>
 Nguyen-5'_16_100,x*acos(x + 3),tensor(0.),0
 Nguyen-5'_16_101,None,tensor(0.),<bound method Expression.r2 of <Expression.Expression object at 0x7f62301bac40>>
 Nguyen-5'_16_102,None,tensor(0.),<bound method Expression.r2 of <Expression.Expression object at 0x7f6228179c70>>
 Nguyen-5'_16_103,None,tensor(0.),<bound method Expression.r2 of <Expression.Expression object at 0x7f6230182670>>
 Nguyen-5'_16_104,None,tensor(0.),<bound method Expression.r2 of <Expression.Expression object at 0x7f6230182700>>
 Nguyen-5'_16_105,log(2*x**2),tensor(0.0806),-129.24957838770908
 Nguyen-5'_16_106,None,tensor(0.),<bound method Expression.r2 of <Expression.Expression object at 0x7f62300f0460>>
 Nguyen-5'_16_107,None,tensor(0.),<bound method Expression.r2 of <Expression.Expression object at 0x7f6228168a00>>
 Nguyen-5'_16_108,None,tensor(0.),<bound method Expression.r2 of <Expression.Expression object at 0x7f61f0297fa0>>
 Nguyen-5'_16_109,None,tensor(0.),<bound method Expression.r2 of <Expression.Expression object at 0x7f61f0297160>>
 Nguyen-5'_16_110,None,tensor(0.),<bound method Expression.r2 of <Expression.Expression object at 0x7f62301f5fd0>>
 Nguyen-5'_16_111,x*(x - log(x)),tensor(0.),0
 Nguyen-5'_16_112,None,tensor(0.),<bound method Expression.r2 of <Expression.Expression object at 0x7f61f042f310>>
 Nguyen-5'_16_113,1,tensor(0.),0
 Nguyen-5'_16_114,None,tensor(0.),<bound method Expression.r2 of <Expression.Expression object at 0x7f62301542e0>>
 Nguyen-5'_16_115,x**2 + 4*x,tensor(0.0511),-343.2759739300745
 Nguyen-5'_16_116,x*(x + 6),tensor(0.0395),-591.1208439851282
 Nguyen-5'_16_117,x/3,tensor(0.0844),-116.74194379416818
 Nguyen-5'_16_118,None,tensor(0.),<bound method Expression.r2 of <Expression.Expression object at 0x7f62301f09a0>>
 Nguyen-5'_16_119,-x**2 + x,tensor(0.0943),-91.23930000495619
 Nguyen-5'_16_120,cosh(x + 3),tensor(0.0110),-8066.9824747282155
 Nguyen-5'_16_121,x,tensor(0.0821),-123.87640063774847
 Nguyen-5'_16_122,asinh(x)/x,tensor(0.0563),-279.6843813630451
 Nguyen-5'_16_123,None,tensor(0.),<bound method Expression.r2 of <Expression.Expression object at 0x7f62280f5310>>
 Nguyen-5'_16_124,None,tensor(0.),<bound method Expression.r2 of <Expression.Expression object at 0x7f62780accd0>>
 Nguyen-5'_16_125,None,tensor(0.),<bound method Expression.r2 of <Expression.Expression object at 0x7f62300f2fa0>>
 Nguyen-5'_16_126,None,tensor(0.),<bound method Expression.r2 of <Expression.Expression object at 0x7f62700b6f40>>
 Nguyen-5'_16_127,-tan(x),tensor(0.0754),-149.43679735783144
 Nguyen-5'_17_0,x*(-2*x**2 + x),tensor(0.0650),-206.08827519088624
 Nguyen-5'_17_1,atanh(5*x)/5,tensor(0.),0
 Nguyen-5'_17_2,None,tensor(0.),<bound method Expression.r2 of <Expression.Expression object at 0x7f62780711c0>>
 Nguyen-5'_17_3,None,tensor(0.),<bound method Expression.r2 of <Expression.Expression object at 0x7f6228038af0>>
 Nguyen-5'_17_4,0,tensor(0.),0
 Nguyen-5'_17_5,None,tensor(0.),<bound method Expression.r2 of <Expression.Expression object at 0x7f62301baca0>>
 Nguyen-5'_17_6,-3*x**2 + 3*x,tensor(0.0682),-185.46332548583015
 Nguyen-5'_17_7,None,tensor(0.),<bound method Expression.r2 of <Expression.Expression object at 0x7f627007a1f0>>
 Nguyen-5'_17_8,5*x**3/3,tensor(0.0816),-125.61298273849835
 Nguyen-5'_17_9,None,tensor(0.),<bound method Expression.r2 of <Expression.Expression object at 0x7f62301aef70>>
 Nguyen-5'_17_10,x*(2*x - 6),tensor(0.0341),-799.4699495446098
 Nguyen-5'_17_11,None,tensor(0.),<bound method Expression.r2 of <Expression.Expression object at 0x7f62701b4580>>
 Nguyen-5'_17_12,-1/(x + 5),tensor(0.0940),-91.90864784275966
 Nguyen-5'_17_13,None,tensor(0.),<bound method Expression.r2 of <Expression.Expression object at 0x7f62701b4d30>>
 Nguyen-5'_17_14,None,tensor(0.),<bound method Expression.r2 of <Expression.Expression object at 0x7f61f0453d60>>
 Nguyen-5'_17_15,None,tensor(0.),<bound method Expression.r2 of <Expression.Expression object at 0x7f61f04539d0>>
 Nguyen-5'_17_16,x + sin(x) + 1,tensor(0.0532),-315.4915318810757
 Nguyen-5'_17_17,-x**3 + x + 2,tensor(0.0415),-533.7469615513746
 Nguyen-5'_17_18,None,tensor(0.),<bound method Expression.r2 of <Expression.Expression object at 0x7f61f04c23a0>>
 Nguyen-5'_17_19,None,tensor(0.),<bound method Expression.r2 of <Expression.Expression object at 0x7f627012d7f0>>
 Nguyen-5'_17_20,None,tensor(0.),<bound method Expression.r2 of <Expression.Expression object at 0x7f627012d430>>
 Nguyen-5'_17_21,None,tensor(0.),<bound method Expression.r2 of <Expression.Expression object at 0x7f627012d220>>
 Nguyen-5'_17_22,-exp(x + 3),tensor(0.0066),-22875.82686504306
 Nguyen-5'_17_23,None,tensor(0.),<bound method Expression.r2 of <Expression.Expression object at 0x7f61f02157f0>>
 Nguyen-5'_17_24,None,tensor(0.),<bound method Expression.r2 of <Expression.Expression object at 0x7f62780879d0>>
 Nguyen-5'_17_25,None,tensor(0.),<bound method Expression.r2 of <Expression.Expression object at 0x7f62780874c0>>
 Nguyen-5'_17_26,None,tensor(0.),<bound method Expression.r2 of <Expression.Expression object at 0x7f61f0215460>>
 Nguyen-5'_17_27,None,tensor(0.),<bound method Expression.r2 of <Expression.Expression object at 0x7f61f02f34c0>>
 Nguyen-5'_17_28,4*x + 5,tensor(0.0228),-1827.8170763281576
 Nguyen-5'_17_29,None,tensor(0.),<bound method Expression.r2 of <Expression.Expression object at 0x7f62300b1fa0>>
 Nguyen-5'_17_30,None,tensor(0.),<bound method Expression.r2 of <Expression.Expression object at 0x7f62300b1f10>>
 Nguyen-5'_17_31,tan(x + 3),tensor(0.0878),-106.94142786958226
 Nguyen-5'_17_32,sin(x + 2),tensor(0.0596),-248.00093535627212
 Nguyen-5'_17_33,None,tensor(0.),<bound method Expression.r2 of <Expression.Expression object at 0x7f62701aee80>>
 Nguyen-5'_17_34,None,tensor(0.),<bound method Expression.r2 of <Expression.Expression object at 0x7f62280f5ac0>>
 Nguyen-5'_17_35,None,tensor(0.),<bound method Expression.r2 of <Expression.Expression object at 0x7f61f04dce80>>
 Nguyen-5'_17_36,None,tensor(0.),<bound method Expression.r2 of <Expression.Expression object at 0x7f62280f54c0>>
 Nguyen-5'_17_37,None,tensor(0.),<bound method Expression.r2 of <Expression.Expression object at 0x7f62280f5370>>
 Nguyen-5'_17_38,None,tensor(0.),<bound method Expression.r2 of <Expression.Expression object at 0x7f6230182820>>
 Nguyen-5'_17_39,x**2*(5*x**2 + x),tensor(0.0508),-348.8375037254361
 Nguyen-5'_17_40,(x**2 + x)**3,tensor(0.0540),-305.72866791801795
 Nguyen-5'_17_41,None,tensor(0.),<bound method Expression.r2 of <Expression.Expression object at 0x7f622803fbe0>>
 Nguyen-5'_17_42,None,tensor(0.),<bound method Expression.r2 of <Expression.Expression object at 0x7f62780877c0>>
 Nguyen-5'_17_43,None,tensor(0.),<bound method Expression.r2 of <Expression.Expression object at 0x7f61eb1bf310>>
 Nguyen-5'_17_44,None,tensor(0.),<bound method Expression.r2 of <Expression.Expression object at 0x7f61eb1bfd00>>
 Nguyen-5'_17_45,-x*cos(x) + x,tensor(0.0844),-116.66047397588596
 Nguyen-5'_17_46,None,tensor(0.),<bound method Expression.r2 of <Expression.Expression object at 0x7f61f037fa30>>
 Nguyen-5'_17_47,2*x*(x + 4),tensor(0.0308),-990.1465351654603
 Nguyen-5'_17_48,-x - log(cos(x)),tensor(0.0716),-167.17315410807265
 Nguyen-5'_17_49,None,tensor(0.),<bound method Expression.r2 of <Expression.Expression object at 0x7f62300579a0>>
 Nguyen-5'_17_50,None,tensor(0.),<bound method Expression.r2 of <Expression.Expression object at 0x7f62781c4070>>
 Nguyen-5'_17_51,x*(x**2 + x + 1),tensor(0.0679),-187.6994349839121
 Nguyen-5'_17_52,-4*log(cos(x + 4)),tensor(0.),0
 Nguyen-5'_17_53,None,tensor(0.),<bound method Expression.r2 of <Expression.Expression object at 0x7f627012d370>>
 Nguyen-5'_17_54,None,tensor(0.),<bound method Expression.r2 of <Expression.Expression object at 0x7f61f04c2fa0>>
 Nguyen-5'_17_55,None,tensor(0.),<bound method Expression.r2 of <Expression.Expression object at 0x7f61eb1f3bb0>>
 Nguyen-5'_17_56,None,tensor(0.),<bound method Expression.r2 of <Expression.Expression object at 0x7f62781ddfd0>>
 Nguyen-5'_17_57,-x*cosh(x),tensor(0.0750),-150.95405934836126
 Nguyen-5'_17_58,(x + cos(x))**2,tensor(0.0534),-313.4475023209606
 Nguyen-5'_17_59,x + log(2*x),tensor(0.),0
 Nguyen-5'_17_60,6*x**7/7,tensor(0.0842),-117.36715897838249
 Nguyen-5'_17_61,2*x - 5,tensor(0.0435),-481.6116667846925
 Nguyen-5'_17_62,0,tensor(0.),0
 Nguyen-5'_17_63,x**2 + 25*x,tensor(0.0109),-8296.797991961503
 Nguyen-5'_17_64,-1/x**3,tensor(1.3189e-06),-574897467608.4478
 Nguyen-5'_17_65,x + 1/4,tensor(0.0734),-158.4941647530582
 Nguyen-5'_17_66,None,tensor(0.),<bound method Expression.r2 of <Expression.Expression object at 0x7f62780e93a0>>
 Nguyen-5'_17_67,None,tensor(0.),<bound method Expression.r2 of <Expression.Expression object at 0x7f6278071f40>>
 Nguyen-5'_17_68,None,tensor(0.),<bound method Expression.r2 of <Expression.Expression object at 0x7f6278071220>>
 Nguyen-5'_17_69,-4*x**3 - 4*x,tensor(0.0357),-730.1963654083828
 Nguyen-5'_17_70,2*x*cos(x),tensor(0.0787),-135.9785301605084
 Nguyen-5'_17_71,None,tensor(0.),<bound method Expression.r2 of <Expression.Expression object at 0x7f62281230d0>>
 Nguyen-5'_17_72,None,tensor(0.),<bound method Expression.r2 of <Expression.Expression object at 0x7f61f057f700>>
 Nguyen-5'_17_73,None,tensor(0.),<bound method Expression.r2 of <Expression.Expression object at 0x7f6230125e50>>
 Nguyen-5'_17_74,x**7/6,tensor(0.0842),-117.30856678858993
 Nguyen-5'_17_75,x*(x**2 - 1),tensor(0.0824),-123.03618703435293
 Nguyen-5'_17_76,x/(x + 4),tensor(0.0853),-113.9261614423477
 Nguyen-5'_17_77,None,tensor(0.),<bound method Expression.r2 of <Expression.Expression object at 0x7f62780bd880>>
 Nguyen-5'_17_78,None,tensor(0.),<bound method Expression.r2 of <Expression.Expression object at 0x7f62301bae50>>
 Nguyen-5'_17_79,None,tensor(0.),<bound method Expression.r2 of <Expression.Expression object at 0x7f62301bad60>>
 Nguyen-5'_17_80,None,tensor(0.),<bound method Expression.r2 of <Expression.Expression object at 0x7f6278071700>>
 Nguyen-5'_17_81,None,tensor(0.),<bound method Expression.r2 of <Expression.Expression object at 0x7f6278071dc0>>
 Nguyen-5'_17_82,None,tensor(0.),<bound method Expression.r2 of <Expression.Expression object at 0x7f61f03e18e0>>
 Nguyen-5'_17_83,None,tensor(0.),<bound method Expression.r2 of <Expression.Expression object at 0x7f61f03e1550>>
 Nguyen-5'_17_84,None,tensor(0.),<bound method Expression.r2 of <Expression.Expression object at 0x7f6278071040>>
 Nguyen-5'_17_85,None,tensor(0.),<bound method Expression.r2 of <Expression.Expression object at 0x7f6278071520>>
 Nguyen-5'_17_86,cos(x - 1),tensor(0.0679),-187.4969250092813
 Nguyen-5'_17_87,None,tensor(0.),<bound method Expression.r2 of <Expression.Expression object at 0x7f62781dd340>>
 Nguyen-5'_17_88,None,tensor(0.),<bound method Expression.r2 of <Expression.Expression object at 0x7f62781d72e0>>
 Nguyen-5'_17_89,None,tensor(0.),<bound method Expression.r2 of <Expression.Expression object at 0x7f62781d7bb0>>
 Nguyen-5'_17_90,(2*x + 2)/x,tensor(0.0055),-32378.372935788102
 Nguyen-5'_17_91,None,tensor(0.),<bound method Expression.r2 of <Expression.Expression object at 0x7f62701b49a0>>
 Nguyen-5'_17_92,None,tensor(0.),<bound method Expression.r2 of <Expression.Expression object at 0x7f62700de5e0>>
 Nguyen-5'_17_93,None,tensor(0.),<bound method Expression.r2 of <Expression.Expression object at 0x7f61f054d580>>
 Nguyen-5'_17_94,x*(x + 4),tensor(0.0511),-343.2759739300745
 Nguyen-5'_17_95,2*x**5/5 + x,tensor(0.0810),-127.68781657551045
 Nguyen-5'_17_96,cos(sqrt(x)),tensor(0.),0
 Nguyen-5'_17_97,exp(3*x + 1),tensor(0.0101),-9611.719156904315
 Nguyen-5'_17_98,None,tensor(0.),<bound method Expression.r2 of <Expression.Expression object at 0x7f61f0215940>>
 Nguyen-5'_17_99,None,tensor(0.),<bound method Expression.r2 of <Expression.Expression object at 0x7f6230182940>>
 Nguyen-5'_17_100,None,tensor(0.),<bound method Expression.r2 of <Expression.Expression object at 0x7f62301d6f70>>
 Nguyen-5'_17_101,None,tensor(0.),<bound method Expression.r2 of <Expression.Expression object at 0x7f62301f56a0>>
 Nguyen-5'_17_102,x + acos(x) + 1,tensor(0.0360),-715.3917425222711
 Nguyen-5'_17_103,6/x**2,tensor(2.1395e-05),-2184456264.959985
 Nguyen-5'_17_104,None,tensor(0.),<bound method Expression.r2 of <Expression.Expression object at 0x7f62780e9be0>>
 Nguyen-5'_17_105,None,tensor(0.),<bound method Expression.r2 of <Expression.Expression object at 0x7f627012d730>>
 Nguyen-5'_17_106,x - exp(x) + log(cos(x)),tensor(0.2071),-13.66529568512065
 Nguyen-5'_17_107,sin(x) + cos(x),tensor(0.0584),-259.03875768885496
 Nguyen-5'_17_108,35*x**2,tensor(0.0092),-11550.083497869698
 Nguyen-5'_17_109,None,tensor(0.),<bound method Expression.r2 of <Expression.Expression object at 0x7f61f04be9a0>>
 Nguyen-5'_17_110,None,tensor(0.),<bound method Expression.r2 of <Expression.Expression object at 0x7f6270175d60>>
 Nguyen-5'_17_111,sin(6*x)/6,tensor(0.0835),-119.45310129335381
 Nguyen-5'_17_112,4*x**2*exp(x),tensor(0.0381),-637.1496655123576
 Nguyen-5'_17_113,None,tensor(0.),<bound method Expression.r2 of <Expression.Expression object at 0x7f62280f5df0>>
 Nguyen-5'_17_114,None,tensor(0.),<bound method Expression.r2 of <Expression.Expression object at 0x7f62701751f0>>
 Nguyen-5'_17_115,None,tensor(0.),<bound method Expression.r2 of <Expression.Expression object at 0x7f62701750d0>>
 Nguyen-5'_17_116,6*x**2 + x,tensor(0.0375),-659.1903254873841
 Nguyen-5'_17_117,None,tensor(0.),<bound method Expression.r2 of <Expression.Expression object at 0x7f62701a31f0>>
 Nguyen-5'_17_118,None,tensor(0.),<bound method Expression.r2 of <Expression.Expression object at 0x7f62781c41f0>>
 Nguyen-5'_17_119,x**2 - exp(x),tensor(0.1200),-52.76681912514705
 Nguyen-5'_17_120,None,tensor(0.),<bound method Expression.r2 of <Expression.Expression object at 0x7f61f0394790>>
 Nguyen-5'_17_121,None,tensor(0.),<bound method Expression.r2 of <Expression.Expression object at 0x7f6230057430>>
 Nguyen-5'_17_122,None,tensor(0.),<bound method Expression.r2 of <Expression.Expression object at 0x7f6228179df0>>
 Nguyen-5'_17_123,None,tensor(0.),<bound method Expression.r2 of <Expression.Expression object at 0x7f62701184c0>>
 Nguyen-5'_17_124,None,tensor(0.),<bound method Expression.r2 of <Expression.Expression object at 0x7f6270118e20>>
 Nguyen-5'_17_125,None,tensor(0.),<bound method Expression.r2 of <Expression.Expression object at 0x7f61f04c2970>>
 Nguyen-5'_17_126,7*x**5/2 + 10,tensor(0.0137),-5198.689570131697
 Nguyen-5'_17_127,None,tensor(0.),<bound method Expression.r2 of <Expression.Expression object at 0x7f62300f00a0>>
 Nguyen-5'_18_0,x**5*tanh(x),tensor(0.0793),-133.9663839211228
 Nguyen-5'_18_1,2*x*sinh(x + 5),tensor(0.0012),-648171.8424685283
 Nguyen-5'_18_2,None,tensor(0.),<bound method Expression.r2 of <Expression.Expression object at 0x7f62280f5520>>
 Nguyen-5'_18_3,x**2*(x + 4),tensor(0.0468),-414.41857552158353
 Nguyen-5'_18_4,x*(2*x + 3),tensor(0.0530),-318.5344971670328
 Nguyen-5'_18_5,None,tensor(0.),<bound method Expression.r2 of <Expression.Expression object at 0x7f6270135eb0>>
 Nguyen-5'_18_6,6*x**3,tensor(0.0549),-295.1149441505594
 Nguyen-5'_18_7,None,tensor(0.),<bound method Expression.r2 of <Expression.Expression object at 0x7f61f0283250>>
 Nguyen-5'_18_8,x**2*log(2),tensor(0.0748),-151.84122368471157
 Nguyen-5'_18_9,None,tensor(0.),<bound method Expression.r2 of <Expression.Expression object at 0x7f62280b4d00>>
 Nguyen-5'_18_10,None,tensor(0.),<bound method Expression.r2 of <Expression.Expression object at 0x7f61f02f35b0>>
 Nguyen-5'_18_11,None,tensor(0.),<bound method Expression.r2 of <Expression.Expression object at 0x7f61f01a7460>>
 Nguyen-5'_18_12,None,tensor(0.),<bound method Expression.r2 of <Expression.Expression object at 0x7f61f01a71c0>>
 Nguyen-5'_18_13,None,tensor(0.),<bound method Expression.r2 of <Expression.Expression object at 0x7f6230125730>>
 Nguyen-5'_18_14,-x + sin(x),tensor(0.0838),-118.55803425446825
 Nguyen-5'_18_15,8*x**2 + 2*x,tensor(0.0310),-975.9208904515814
 Nguyen-5'_18_16,None,tensor(0.),<bound method Expression.r2 of <Expression.Expression object at 0x7f62701a9040>>
 Nguyen-5'_18_17,None,tensor(0.),<bound method Expression.r2 of <Expression.Expression object at 0x7f61eb1be100>>
 Nguyen-5'_18_18,None,tensor(0.),<bound method Expression.r2 of <Expression.Expression object at 0x7f61eb1be130>>
 Nguyen-5'_18_19,None,tensor(0.),<bound method Expression.r2 of <Expression.Expression object at 0x7f61eb1be670>>
 Nguyen-5'_18_20,None,tensor(0.),<bound method Expression.r2 of <Expression.Expression object at 0x7f62300b13d0>>
 Nguyen-5'_18_21,None,tensor(0.),<bound method Expression.r2 of <Expression.Expression object at 0x7f62300b13a0>>
 Nguyen-5'_18_22,x*(x + sin(2*x)),tensor(0.0585),-258.182323417708
 Nguyen-5'_18_23,None,tensor(0.),<bound method Expression.r2 of <Expression.Expression object at 0x7f61f05d45b0>>
 Nguyen-5'_18_24,None,tensor(0.),<bound method Expression.r2 of <Expression.Expression object at 0x7f61f05d4b20>>
 Nguyen-5'_18_25,-x**2 + 4*x,tensor(0.0563),-279.9041181706746
 Nguyen-5'_18_26,None,tensor(0.),<bound method Expression.r2 of <Expression.Expression object at 0x7f62281237c0>>
 Nguyen-5'_18_27,x**3/3,tensor(0.0844),-116.69539866932149
 Nguyen-5'_18_28,None,tensor(0.),<bound method Expression.r2 of <Expression.Expression object at 0x7f61f054d5b0>>
 Nguyen-5'_18_29,None,tensor(0.),<bound method Expression.r2 of <Expression.Expression object at 0x7f62701c8d30>>
 Nguyen-5'_18_30,None,tensor(0.),<bound method Expression.r2 of <Expression.Expression object at 0x7f62700b6400>>
 Nguyen-5'_18_31,x*(x - exp(x)),tensor(0.0762),-146.14523302853868
 Nguyen-5'_18_32,None,tensor(0.),<bound method Expression.r2 of <Expression.Expression object at 0x7f62300b1af0>>
 Nguyen-5'_18_33,None,tensor(0.),<bound method Expression.r2 of <Expression.Expression object at 0x7f62781d7f10>>
 Nguyen-5'_18_34,None,tensor(0.),<bound method Expression.r2 of <Expression.Expression object at 0x7f62781d7100>>
 Nguyen-5'_18_35,None,tensor(0.),<bound method Expression.r2 of <Expression.Expression object at 0x7f62301bae80>>
 Nguyen-5'_18_36,2*x**(3/2),tensor(0.),0
 Nguyen-5'_18_37,3*x/2,tensor(0.0784),-137.0505632740205
 Nguyen-5'_18_38,None,tensor(0.),<bound method Expression.r2 of <Expression.Expression object at 0x7f6230182cd0>>
 Nguyen-5'_18_39,x*(3*x**2 + exp(x)),tensor(0.0561),-282.15554146349206
 Nguyen-5'_18_40,None,tensor(0.),<bound method Expression.r2 of <Expression.Expression object at 0x7f627817fd90>>
 Nguyen-5'_18_41,None,tensor(0.),<bound method Expression.r2 of <Expression.Expression object at 0x7f62701aebe0>>
 Nguyen-5'_18_42,None,tensor(0.),<bound method Expression.r2 of <Expression.Expression object at 0x7f623013bb20>>
 Nguyen-5'_18_43,None,tensor(0.),<bound method Expression.r2 of <Expression.Expression object at 0x7f62701aefa0>>
 Nguyen-5'_18_44,x*(x + cos(x))**2,tensor(0.0659),-199.9331840351804
 Nguyen-5'_18_45,x**2*(2*x + 4),tensor(0.0466),-418.3803507961164
 Nguyen-5'_18_46,None,tensor(0.),<bound method Expression.r2 of <Expression.Expression object at 0x7f62781cf6a0>>
 Nguyen-5'_18_47,None,tensor(0.),<bound method Expression.r2 of <Expression.Expression object at 0x7f61f0453bb0>>
 Nguyen-5'_18_48,x**2 + x + sin(x),tensor(0.0661),-198.77312807336787
 Nguyen-5'_18_49,None,tensor(0.),<bound method Expression.r2 of <Expression.Expression object at 0x7f62701181c0>>
 Nguyen-5'_18_50,sqrt(5),tensor(0.),0
 Nguyen-5'_18_51,None,tensor(0.),<bound method Expression.r2 of <Expression.Expression object at 0x7f62301b1af0>>
 Nguyen-5'_18_52,None,tensor(0.),<bound method Expression.r2 of <Expression.Expression object at 0x7f6230182b50>>
 Nguyen-5'_18_53,None,tensor(0.),<bound method Expression.r2 of <Expression.Expression object at 0x7f61f054d4f0>>
 Nguyen-5'_18_54,-sin(x/3),tensor(0.0829),-121.46656971092314
 Nguyen-5'_18_55,None,tensor(0.),<bound method Expression.r2 of <Expression.Expression object at 0x7f62301baa90>>
 Nguyen-5'_18_56,x**2*tan(x),tensor(0.0826),-122.25735511264973
 Nguyen-5'_18_57,x/(x + 5),tensor(0.0850),-114.98112677937283
 Nguyen-5'_18_58,None,tensor(0.),<bound method Expression.r2 of <Expression.Expression object at 0x7f62701a9730>>
 Nguyen-5'_18_59,None,tensor(0.),<bound method Expression.r2 of <Expression.Expression object at 0x7f6270130520>>
 Nguyen-5'_18_60,None,tensor(0.),<bound method Expression.r2 of <Expression.Expression object at 0x7f62301ae070>>
 Nguyen-5'_18_61,None,tensor(0.),<bound method Expression.r2 of <Expression.Expression object at 0x7f61f057f640>>
 Nguyen-5'_18_62,None,tensor(0.),<bound method Expression.r2 of <Expression.Expression object at 0x7f61f057fee0>>
 Nguyen-5'_18_63,None,tensor(0.),<bound method Expression.r2 of <Expression.Expression object at 0x7f61f057f340>>
 Nguyen-5'_18_64,None,tensor(0.),<bound method Expression.r2 of <Expression.Expression object at 0x7f62780718e0>>
 Nguyen-5'_18_65,None,tensor(0.),<bound method Expression.r2 of <Expression.Expression object at 0x7f6278071a90>>
 Nguyen-5'_18_66,None,tensor(0.),<bound method Expression.r2 of <Expression.Expression object at 0x7f6228123bb0>>
 Nguyen-5'_18_67,3*x**4/4,tensor(0.0778),-139.37127601903342
 Nguyen-5'_18_68,None,tensor(0.),<bound method Expression.r2 of <Expression.Expression object at 0x7f62781d76a0>>
 Nguyen-5'_18_69,None,tensor(0.),<bound method Expression.r2 of <Expression.Expression object at 0x7f61f05733a0>>
 Nguyen-5'_18_70,None,tensor(0.),<bound method Expression.r2 of <Expression.Expression object at 0x7f61f0573be0>>
 Nguyen-5'_18_71,None,tensor(0.),<bound method Expression.r2 of <Expression.Expression object at 0x7f623012ee80>>
 Nguyen-5'_18_72,x*(x + sin(x)) + x,tensor(0.0617),-230.29626610581826
 Nguyen-5'_18_73,2*x + sqrt(2)*Abs(x),tensor(0.0576),-267.0234982575138
 Nguyen-5'_18_74,None,tensor(0.),<bound method Expression.r2 of <Expression.Expression object at 0x7f62701755b0>>
 Nguyen-5'_18_75,None,tensor(0.),<bound method Expression.r2 of <Expression.Expression object at 0x7f62f8037910>>
 Nguyen-5'_18_76,None,tensor(0.),<bound method Expression.r2 of <Expression.Expression object at 0x7f61f04ec1c0>>
 Nguyen-5'_18_77,None,tensor(0.),<bound method Expression.r2 of <Expression.Expression object at 0x7f61f02f31c0>>
 Nguyen-5'_18_78,None,tensor(0.),<bound method Expression.r2 of <Expression.Expression object at 0x7f61eb1bfc10>>
 Nguyen-5'_18_79,9*x**5/5,tensor(0.0824),-123.0530395006637
 Nguyen-5'_18_80,2*sinh(x),tensor(0.0716),-167.14098377918802
 Nguyen-5'_18_81,x**2 + x,tensor(0.0705),-172.67975465401133
 Nguyen-5'_18_82,None,tensor(0.),<bound method Expression.r2 of <Expression.Expression object at 0x7f61f02f6ee0>>
 Nguyen-5'_18_83,x*(sqrt(x) - x),tensor(0.),0
 Nguyen-5'_18_84,6*x + 1/3,tensor(0.0393),-597.0529324339814
 Nguyen-5'_18_85,None,tensor(0.),<bound method Expression.r2 of <Expression.Expression object at 0x7f6270135c10>>
 Nguyen-5'_18_86,None,tensor(0.),<bound method Expression.r2 of <Expression.Expression object at 0x7f61f0530be0>>
 Nguyen-5'_18_87,None,tensor(0.),<bound method Expression.r2 of <Expression.Expression object at 0x7f61f05307f0>>
 Nguyen-5'_18_88,pi/3,tensor(0.),0
 Nguyen-5'_18_89,x**2*sinh(x) + 2*x,tensor(0.0666),-195.24479096915698
 Nguyen-5'_18_90,None,tensor(0.),<bound method Expression.r2 of <Expression.Expression object at 0x7f6278133130>>
 Nguyen-5'_18_91,None,tensor(0.),<bound method Expression.r2 of <Expression.Expression object at 0x7f61f054d910>>
 Nguyen-5'_18_92,x**2 - cos(x),tensor(0.1100),-64.48262692973695
 Nguyen-5'_18_93,None,tensor(0.),<bound method Expression.r2 of <Expression.Expression object at 0x7f61f054d820>>
 Nguyen-5'_18_94,x - log(cos(x)),tensor(0.0754),-149.35875313239637
 Nguyen-5'_18_95,None,tensor(0.),<bound method Expression.r2 of <Expression.Expression object at 0x7f61f042b490>>
 Nguyen-5'_18_96,None,tensor(0.),<bound method Expression.r2 of <Expression.Expression object at 0x7f61f02839d0>>
 Nguyen-5'_18_97,x*cos(1) + 2*x,tensor(0.0682),-185.9509556526677
 Nguyen-5'_18_98,None,tensor(0.),<bound method Expression.r2 of <Expression.Expression object at 0x7f62781d4550>>
 Nguyen-5'_18_99,None,tensor(0.),<bound method Expression.r2 of <Expression.Expression object at 0x7f61f04dc0d0>>
 Nguyen-5'_18_100,None,tensor(0.),<bound method Expression.r2 of <Expression.Expression object at 0x7f61f054c8e0>>
 Nguyen-5'_18_101,None,tensor(0.),<bound method Expression.r2 of <Expression.Expression object at 0x7f61eb1bf790>>
 Nguyen-5'_18_102,None,tensor(0.),<bound method Expression.r2 of <Expression.Expression object at 0x7f62301b2640>>
 Nguyen-5'_18_103,x*(4*x - 4),tensor(0.0361),-713.3880309183694
 Nguyen-5'_18_104,3*x*(x + 3),tensor(0.0274),-1261.9817726847496
 Nguyen-5'_18_105,None,tensor(0.),<bound method Expression.r2 of <Expression.Expression object at 0x7f62301ba130>>
 Nguyen-5'_18_106,cos(2*x + 5),tensor(0.0753),-149.63924040799964
 Nguyen-5'_18_107,x**3 + x + 1,tensor(0.0541),-304.8806056593028
 Nguyen-5'_18_108,None,tensor(0.),<bound method Expression.r2 of <Expression.Expression object at 0x7f61eb1be4c0>>
 Nguyen-5'_18_109,None,tensor(0.),<bound method Expression.r2 of <Expression.Expression object at 0x7f6270197370>>
 Nguyen-5'_18_110,None,tensor(0.),<bound method Expression.r2 of <Expression.Expression object at 0x7f62701978b0>>
 Nguyen-5'_18_111,None,tensor(0.),<bound method Expression.r2 of <Expression.Expression object at 0x7f62701972e0>>
 Nguyen-5'_18_112,None,tensor(0.),<bound method Expression.r2 of <Expression.Expression object at 0x7f627007adf0>>
 Nguyen-5'_18_113,None,tensor(0.),<bound method Expression.r2 of <Expression.Expression object at 0x7f62700f4640>>
 Nguyen-5'_18_114,None,tensor(0.),<bound method Expression.r2 of <Expression.Expression object at 0x7f62700f4f70>>
 Nguyen-5'_18_115,None,tensor(0.),<bound method Expression.r2 of <Expression.Expression object at 0x7f61eb1bfe50>>
 Nguyen-5'_18_116,x*tan(4),tensor(0.0811),-127.31046985018116
 Nguyen-5'_18_117,x + Abs(x),tensor(0.0659),-199.8514510899787
 Nguyen-5'_18_118,None,tensor(0.),<bound method Expression.r2 of <Expression.Expression object at 0x7f62700dee20>>
 Nguyen-5'_18_119,None,tensor(0.),<bound method Expression.r2 of <Expression.Expression object at 0x7f627817f8e0>>
 Nguyen-5'_18_120,None,tensor(0.),<bound method Expression.r2 of <Expression.Expression object at 0x7f62300f06a0>>
 Nguyen-5'_18_121,2*x*atanh(x) + x,tensor(0.0523),-326.81673571349495
 Nguyen-5'_18_122,2*x/(x**3 + x),tensor(0.0463),-422.3319271272421
 Nguyen-5'_18_123,None,tensor(0.),<bound method Expression.r2 of <Expression.Expression object at 0x7f62701ae340>>
 Nguyen-5'_18_124,5*cos(2*x),tensor(0.0345),-780.2501151506087
 Nguyen-5'_18_125,None,tensor(0.),<bound method Expression.r2 of <Expression.Expression object at 0x7f62781d7a90>>
 Nguyen-5'_18_126,(x + 1)**4,tensor(0.0254),-1467.5912538765178
 Nguyen-5'_18_127,1/3 - sin(x),tensor(0.0683),-185.0779375675771
 Nguyen-5'_19_0,x - 2,tensor(0.1890),-17.41028732805177
 Nguyen-5'_19_1,x*tan(2) + x,tensor(0.0764),-144.9878924445459
 Nguyen-5'_19_2,None,tensor(0.),<bound method Expression.r2 of <Expression.Expression object at 0x7f61f03ecbb0>>
 Nguyen-5'_19_3,None,tensor(0.),<bound method Expression.r2 of <Expression.Expression object at 0x7f6270197c10>>
 Nguyen-5'_19_4,None,tensor(0.),<bound method Expression.r2 of <Expression.Expression object at 0x7f61f03ec340>>
 Nguyen-5'_19_5,None,tensor(0.),<bound method Expression.r2 of <Expression.Expression object at 0x7f61f03ec520>>
 Nguyen-5'_19_6,None,tensor(0.),<bound method Expression.r2 of <Expression.Expression object at 0x7f61f0285f70>>
 Nguyen-5'_19_7,log(3*x**2),tensor(0.0744),-153.68181485275335
 Nguyen-5'_19_8,None,tensor(0.),<bound method Expression.r2 of <Expression.Expression object at 0x7f6278192220>>
 Nguyen-5'_19_9,x**3 + x*cos(1),tensor(0.0811),-127.38118278860685
 Nguyen-5'_19_10,None,tensor(0.),<bound method Expression.r2 of <Expression.Expression object at 0x7f6270135880>>
 Nguyen-5'_19_11,x**3*cos(5)/3,tensor(0.0842),-117.24656515427573
 Nguyen-5'_19_12,None,tensor(0.),<bound method Expression.r2 of <Expression.Expression object at 0x7f6270174760>>
 Nguyen-5'_19_13,None,tensor(0.),<bound method Expression.r2 of <Expression.Expression object at 0x7f627817bf70>>
 Nguyen-5'_19_14,pi*sqrt(x)/2,tensor(0.),0
 Nguyen-5'_19_15,None,tensor(0.),<bound method Expression.r2 of <Expression.Expression object at 0x7f61f046c8e0>>
 Nguyen-5'_19_16,None,tensor(0.),<bound method Expression.r2 of <Expression.Expression object at 0x7f6230100e80>>
 Nguyen-5'_19_17,x**2 + x + tan(x),tensor(0.0636),-216.09707699238277
 Nguyen-5'_19_18,atanh(x + 5),tensor(0.),0
 Nguyen-5'_19_19,3*x,tensor(0.0635),-216.80726834414003
 Nguyen-5'_19_20,None,tensor(0.),<bound method Expression.r2 of <Expression.Expression object at 0x7f61eb1bf7c0>>
 Nguyen-5'_19_21,x*(x - 1),tensor(0.0670),-193.0629990076475
 Nguyen-5'_19_22,4*x*cos(x),tensor(0.0643),-210.72602987983913
 Nguyen-5'_19_23,None,tensor(0.),<bound method Expression.r2 of <Expression.Expression object at 0x7f61f0530b50>>
 Nguyen-5'_19_24,None,tensor(0.),<bound method Expression.r2 of <Expression.Expression object at 0x7f62780581f0>>
 Nguyen-5'_19_25,None,tensor(0.),<bound method Expression.r2 of <Expression.Expression object at 0x7f6278058a60>>
 Nguyen-5'_19_26,None,tensor(0.),<bound method Expression.r2 of <Expression.Expression object at 0x7f62701907f0>>
 Nguyen-5'_19_27,2*x**2 + 2*x,tensor(0.0578),-264.6805238899543
 Nguyen-5'_19_28,None,tensor(0.),<bound method Expression.r2 of <Expression.Expression object at 0x7f6278071ca0>>
 Nguyen-5'_19_29,None,tensor(0.),<bound method Expression.r2 of <Expression.Expression object at 0x7f62780d66a0>>
 Nguyen-5'_19_30,x*(2*x**2 + x),tensor(0.0694),-178.6118776610393
 Nguyen-5'_19_31,None,tensor(0.),<bound method Expression.r2 of <Expression.Expression object at 0x7f62781cfd60>>
 Nguyen-5'_19_32,None,tensor(0.),<bound method Expression.r2 of <Expression.Expression object at 0x7f62301b1070>>
 Nguyen-5'_19_33,None,tensor(0.),<bound method Expression.r2 of <Expression.Expression object at 0x7f62301b15b0>>
 Nguyen-5'_19_34,None,tensor(0.),<bound method Expression.r2 of <Expression.Expression object at 0x7f62301b1520>>
 Nguyen-5'_19_35,None,tensor(0.),<bound method Expression.r2 of <Expression.Expression object at 0x7f62301b1b50>>
 Nguyen-5'_19_36,None,tensor(0.),<bound method Expression.r2 of <Expression.Expression object at 0x7f62301b1100>>
 Nguyen-5'_19_37,None,tensor(0.),<bound method Expression.r2 of <Expression.Expression object at 0x7f61f04be3d0>>
 Nguyen-5'_19_38,None,tensor(0.),<bound method Expression.r2 of <Expression.Expression object at 0x7f61f04beb20>>
 Nguyen-5'_19_39,5*x*sin(4),tensor(0.0516),-336.8496801410072
 Nguyen-5'_19_40,None,tensor(0.),<bound method Expression.r2 of <Expression.Expression object at 0x7f61f057f550>>
 Nguyen-5'_19_41,None,tensor(0.),<bound method Expression.r2 of <Expression.Expression object at 0x7f62701187c0>>
 Nguyen-5'_19_42,-x + x*log(4),tensor(0.0843),-116.87281207998137
 Nguyen-5'_19_43,3*x*cosh(x),tensor(0.0544),-301.0193302512508
 Nguyen-5'_19_44,None,tensor(0.),<bound method Expression.r2 of <Expression.Expression object at 0x7f62700b6ac0>>
 Nguyen-5'_19_45,None,tensor(0.),<bound method Expression.r2 of <Expression.Expression object at 0x7f62301b15e0>>
 Nguyen-5'_19_46,None,tensor(0.),<bound method Expression.r2 of <Expression.Expression object at 0x7f61f0573520>>
 Nguyen-5'_19_47,sqrt(x) + x**2,tensor(0.),0
 Nguyen-5'_19_48,x*exp(-x/3),tensor(0.0861),-111.7747612908688
 Nguyen-5'_19_49,None,tensor(0.),<bound method Expression.r2 of <Expression.Expression object at 0x7f627817f9d0>>
 Nguyen-5'_19_50,4*x + 1,tensor(0.0446),-456.8347288745155
 Nguyen-5'_19_51,None,tensor(0.),<bound method Expression.r2 of <Expression.Expression object at 0x7f62300f26d0>>
 Nguyen-5'_19_52,8*x**(3/2) + x,tensor(0.),0
 Nguyen-5'_19_53,None,tensor(0.),<bound method Expression.r2 of <Expression.Expression object at 0x7f61f037fe80>>
 Nguyen-5'_19_54,x**3*tan(5),tensor(0.0660),-199.12219008318218
 Nguyen-5'_19_55,x*(x + atanh(2)),tensor(0.),0
 Nguyen-5'_19_56,x + x*exp(3),tensor(0.0128),-5928.956247205227
 Nguyen-5'_19_57,x + atan(x) - 1,tensor(0.1109),-63.30532713718247
 Nguyen-5'_19_58,x**2 + 2,tensor(0.0379),-641.6774267562131
 Nguyen-5'_19_59,None,tensor(0.),<bound method Expression.r2 of <Expression.Expression object at 0x7f62280bcd00>>
 Nguyen-5'_19_60,exp(2*x),tensor(0.0401),-570.8725036849553
 Nguyen-5'_19_61,None,tensor(0.),<bound method Expression.r2 of <Expression.Expression object at 0x7f61f056e640>>
 Nguyen-5'_19_62,None,tensor(0.),<bound method Expression.r2 of <Expression.Expression object at 0x7f623008b820>>
 Nguyen-5'_19_63,None,tensor(0.),<bound method Expression.r2 of <Expression.Expression object at 0x7f623008b760>>
 Nguyen-5'_19_64,None,tensor(0.),<bound method Expression.r2 of <Expression.Expression object at 0x7f623008ba30>>
 Nguyen-5'_19_65,x**2*exp(x)/12,tensor(0.0827),-122.11446723315684
 Nguyen-5'_19_66,None,tensor(0.),<bound method Expression.r2 of <Expression.Expression object at 0x7f62700dea60>>
 Nguyen-5'_19_67,sinh(x + 5),tensor(0.0017),-362461.60834870586
 Nguyen-5'_19_68,None,tensor(0.),<bound method Expression.r2 of <Expression.Expression object at 0x7f61f02976d0>>
 Nguyen-5'_19_69,None,tensor(0.),<bound method Expression.r2 of <Expression.Expression object at 0x7f61eb087d90>>
 Nguyen-5'_19_70,5*x**4/8,tensor(0.0789),-135.40787863085453
 Nguyen-5'_19_71,5*x**4/2,tensor(0.0645),-209.23888524480972
 Nguyen-5'_19_72,x**2 + 22*x,tensor(0.0123),-6436.364651910693
 Nguyen-5'_19_73,None,tensor(0.),<bound method Expression.r2 of <Expression.Expression object at 0x7f62f8037ac0>>
 Nguyen-5'_19_74,x*acos(2*x),tensor(0.),0
 Nguyen-5'_19_75,None,tensor(0.),<bound method Expression.r2 of <Expression.Expression object at 0x7f61f0285850>>
 Nguyen-5'_19_76,x + 9,tensor(0.0149),-4353.445902012564
 Nguyen-5'_19_77,None,tensor(0.),<bound method Expression.r2 of <Expression.Expression object at 0x7f62781c4c10>>
 Nguyen-5'_19_78,asinh(x + 2),tensor(0.0488),-378.47639694298067
 Nguyen-5'_19_79,x*(x + 1) + x,tensor(0.0655),-202.72234963849672
 Nguyen-5'_19_80,None,tensor(0.),<bound method Expression.r2 of <Expression.Expression object at 0x7f62300b1130>>
 Nguyen-5'_19_81,None,tensor(0.),<bound method Expression.r2 of <Expression.Expression object at 0x7f61f056e940>>
 Nguyen-5'_19_82,x**3 + 5,tensor(0.0235),-1718.2365938802714
 Nguyen-5'_19_83,None,tensor(0.),<bound method Expression.r2 of <Expression.Expression object at 0x7f61f04dc220>>
 Nguyen-5'_19_84,None,tensor(0.),<bound method Expression.r2 of <Expression.Expression object at 0x7f6278058dc0>>
 Nguyen-5'_19_85,None,tensor(0.),<bound method Expression.r2 of <Expression.Expression object at 0x7f6278058310>>
 Nguyen-5'_19_86,None,tensor(0.),<bound method Expression.r2 of <Expression.Expression object at 0x7f6278058940>>
 Nguyen-5'_19_87,None,tensor(0.),<bound method Expression.r2 of <Expression.Expression object at 0x7f62281df310>>
 Nguyen-5'_19_88,None,tensor(0.),<bound method Expression.r2 of <Expression.Expression object at 0x7f62281dfac0>>
 Nguyen-5'_19_89,sin(x) + cos(x),tensor(0.0584),-259.03875768885496
 Nguyen-5'_19_90,None,tensor(0.),<bound method Expression.r2 of <Expression.Expression object at 0x7f627817f670>>
 Nguyen-5'_19_91,None,tensor(0.),<bound method Expression.r2 of <Expression.Expression object at 0x7f62701905e0>>
 Nguyen-5'_19_92,None,tensor(0.),<bound method Expression.r2 of <Expression.Expression object at 0x7f62781d4f70>>
 Nguyen-5'_19_93,None,tensor(0.),<bound method Expression.r2 of <Expression.Expression object at 0x7f62781d4dc0>>
 Nguyen-5'_19_94,None,tensor(0.),<bound method Expression.r2 of <Expression.Expression object at 0x7f62781d4250>>
 Nguyen-5'_19_95,(x**2 + 1)**2,tensor(0.0415),-531.6090994524282
 Nguyen-5'_19_96,None,tensor(0.),<bound method Expression.r2 of <Expression.Expression object at 0x7f61f046c460>>
 Nguyen-5'_19_97,None,tensor(0.),<bound method Expression.r2 of <Expression.Expression object at 0x7f61eb1be580>>
 Nguyen-5'_19_98,x*(x + cos(x)) + x,tensor(0.0672),-191.9810077677246
 Nguyen-5'_19_99,None,tensor(0.),<bound method Expression.r2 of <Expression.Expression object at 0x7f62780d61c0>>
 Nguyen-5'_19_100,x*acos(5*x),tensor(0.),0
 Nguyen-5'_19_101,None,tensor(0.),<bound method Expression.r2 of <Expression.Expression object at 0x7f61f02152b0>>
 Nguyen-5'_19_102,sinh(2*x)/2,tensor(0.0787),-136.10792200909157
 Nguyen-5'_19_103,tan(4*x),tensor(0.0065),-23384.80991102726
 Nguyen-5'_19_104,None,tensor(0.),<bound method Expression.r2 of <Expression.Expression object at 0x7f61f05306d0>>
 Nguyen-5'_19_105,None,tensor(0.),<bound method Expression.r2 of <Expression.Expression object at 0x7f61f054d760>>
 Nguyen-5'_19_106,None,tensor(0.),<bound method Expression.r2 of <Expression.Expression object at 0x7f62780d6ee0>>
 Nguyen-5'_19_107,2*x + cos(x) + 2,tensor(0.0338),-816.8813507901087
 Nguyen-5'_19_108,None,tensor(0.),<bound method Expression.r2 of <Expression.Expression object at 0x7f6228087a00>>
 Nguyen-5'_19_109,None,tensor(0.),<bound method Expression.r2 of <Expression.Expression object at 0x7f61f05d47f0>>
 Nguyen-5'_19_110,-x**2 + x,tensor(0.0943),-91.23930000495619
 Nguyen-5'_19_111,None,tensor(0.),<bound method Expression.r2 of <Expression.Expression object at 0x7f61e80eadc0>>
 Nguyen-5'_19_112,4*x + 2*cos(x),tensor(0.0388),-611.815727050414
 Nguyen-5'_19_113,None,tensor(0.),<bound method Expression.r2 of <Expression.Expression object at 0x7f6230100a90>>
 Nguyen-5'_19_114,None,tensor(0.),<bound method Expression.r2 of <Expression.Expression object at 0x7f62701aeee0>>
 Nguyen-5'_19_115,-sin(x - 1),tensor(0.0606),-239.46876804299654
 Nguyen-5'_19_116,10*x + 1/2,tensor(0.0257),-1440.6209680469522
 Nguyen-5'_19_117,(x**2 + 1)**2,tensor(0.0415),-531.6090994524282
 Nguyen-5'_19_118,None,tensor(0.),<bound method Expression.r2 of <Expression.Expression object at 0x7f62701c79d0>>
 Nguyen-5'_19_119,None,tensor(0.),<bound method Expression.r2 of <Expression.Expression object at 0x7f6278184070>>
 Nguyen-5'_19_120,None,tensor(0.),<bound method Expression.r2 of <Expression.Expression object at 0x7f62980472e0>>
 Nguyen-5'_19_121,None,tensor(0.),<bound method Expression.r2 of <Expression.Expression object at 0x7f61f037fb80>>
 Nguyen-5'_19_122,None,tensor(0.),<bound method Expression.r2 of <Expression.Expression object at 0x7f61f04b73a0>>
 Nguyen-5'_19_123,None,tensor(0.),<bound method Expression.r2 of <Expression.Expression object at 0x7f61f04b72b0>>
 Nguyen-5'_19_124,x*(x**2 + x),tensor(0.0714),-168.31339805682515
 Nguyen-5'_19_125,x/(2*x + 2),tensor(0.0324),-889.4296167078456
 Nguyen-5'_19_126,None,tensor(0.),<bound method Expression.r2 of <Expression.Expression object at 0x7f61f05ebfa0>>
 Nguyen-5'_19_127,2*x**(3/2)/3,tensor(0.),0
 Nguyen-5'_20_0,1/(x + 4),tensor(0.0742),-154.81491993533982
 Nguyen-5'_20_1,1/x,tensor(0.0110),-8079.621116413411
 Nguyen-5'_20_2,None,tensor(0.),<bound method Expression.r2 of <Expression.Expression object at 0x7f61f03e18b0>>
 Nguyen-5'_20_3,None,tensor(0.),<bound method Expression.r2 of <Expression.Expression object at 0x7f62780acc70>>
 Nguyen-5'_20_4,None,tensor(0.),<bound method Expression.r2 of <Expression.Expression object at 0x7f6270135a30>>
 Nguyen-5'_20_5,x - atanh(x),tensor(0.0815),-125.90374370861254
 Nguyen-5'_20_6,2*log(5*x),tensor(0.),0
 Nguyen-5'_20_7,None,tensor(0.),<bound method Expression.r2 of <Expression.Expression object at 0x7f6278192e50>>
 Nguyen-5'_20_8,None,tensor(0.),<bound method Expression.r2 of <Expression.Expression object at 0x7f62280874c0>>
 Nguyen-5'_20_9,None,tensor(0.),<bound method Expression.r2 of <Expression.Expression object at 0x7f6270197d90>>
 Nguyen-5'_20_10,x*cos(2*x),tensor(0.0835),-119.57821660317391
 Nguyen-5'_20_11,4*x**2,tensor(0.0464),-421.9018529048344
 Nguyen-5'_20_12,None,tensor(0.),<bound method Expression.r2 of <Expression.Expression object at 0x7f62700f4fa0>>
 Nguyen-5'_20_13,None,tensor(0.),<bound method Expression.r2 of <Expression.Expression object at 0x7f623013b940>>
 Nguyen-5'_20_14,cosh(x + 2),tensor(0.0246),-1567.5289147828466
 Nguyen-5'_20_15,None,tensor(0.),<bound method Expression.r2 of <Expression.Expression object at 0x7f6270174af0>>
 Nguyen-5'_20_16,x*(2*x + 4),tensor(0.0476),-399.2112818849802
 Nguyen-5'_20_17,None,tensor(0.),<bound method Expression.r2 of <Expression.Expression object at 0x7f61f04ec130>>
 Nguyen-5'_20_18,None,tensor(0.),<bound method Expression.r2 of <Expression.Expression object at 0x7f62781c41c0>>
 Nguyen-5'_20_19,None,tensor(0.),<bound method Expression.r2 of <Expression.Expression object at 0x7f6270175f10>>
 Nguyen-5'_20_20,x + sinh(x),tensor(0.0727),-161.86408455471945
 Nguyen-5'_20_21,None,tensor(0.),<bound method Expression.r2 of <Expression.Expression object at 0x7f62781d70a0>>
 Nguyen-5'_20_22,-2*x**2 - 2*x,tensor(0.0838),-118.4746381129092
 Nguyen-5'_20_23,None,tensor(0.),<bound method Expression.r2 of <Expression.Expression object at 0x7f6278112ac0>>
 Nguyen-5'_20_24,None,tensor(0.),<bound method Expression.r2 of <Expression.Expression object at 0x7f61f05d43d0>>
 Nguyen-5'_20_25,None,tensor(0.),<bound method Expression.r2 of <Expression.Expression object at 0x7f61f056ec70>>
 Nguyen-5'_20_26,None,tensor(0.),<bound method Expression.r2 of <Expression.Expression object at 0x7f61f056e5e0>>
 Nguyen-5'_20_27,x*(8 + 1/x),tensor(0.0299),-1053.7868959445454
 Nguyen-5'_20_28,x*(x + log(x)/x),tensor(0.),0
 Nguyen-5'_20_29,None,tensor(0.),<bound method Expression.r2 of <Expression.Expression object at 0x7f6278184100>>
 Nguyen-5'_20_30,None,tensor(0.),<bound method Expression.r2 of <Expression.Expression object at 0x7f622814c9d0>>
 Nguyen-5'_20_31,3*atan(x),tensor(0.0678),-188.14086423460756
 Nguyen-5'_20_32,None,tensor(0.),<bound method Expression.r2 of <Expression.Expression object at 0x7f61f037f100>>
 Nguyen-5'_20_33,-x**6 + x,tensor(0.0866),-110.35893164353713
 Nguyen-5'_20_34,None,tensor(0.),<bound method Expression.r2 of <Expression.Expression object at 0x7f62701a38e0>>
 Nguyen-5'_20_35,40*x,tensor(0.0068),-21288.686775499355
 Nguyen-5'_20_36,None,tensor(0.),<bound method Expression.r2 of <Expression.Expression object at 0x7f627819bf40>>
 Nguyen-5'_20_37,None,tensor(0.),<bound method Expression.r2 of <Expression.Expression object at 0x7f6228038910>>
 Nguyen-5'_20_38,None,tensor(0.),<bound method Expression.r2 of <Expression.Expression object at 0x7f61f05eba90>>
 Nguyen-5'_20_39,None,tensor(0.),<bound method Expression.r2 of <Expression.Expression object at 0x7f6228038a90>>
 Nguyen-5'_20_40,None,tensor(0.),<bound method Expression.r2 of <Expression.Expression object at 0x7f62280389d0>>
 Nguyen-5'_20_41,None,tensor(0.),<bound method Expression.r2 of <Expression.Expression object at 0x7f6270174310>>
 Nguyen-5'_20_42,-exp(x + 2),tensor(0.0196),-2504.119108716105
 Nguyen-5'_20_43,None,tensor(0.),<bound method Expression.r2 of <Expression.Expression object at 0x7f62701756a0>>
 Nguyen-5'_20_44,None,tensor(0.),<bound method Expression.r2 of <Expression.Expression object at 0x7f62780d6940>>
 Nguyen-5'_20_45,None,tensor(0.),<bound method Expression.r2 of <Expression.Expression object at 0x7f61f056e3d0>>
 Nguyen-5'_20_46,x*exp(x + 2),tensor(0.0219),-1994.1383105451782
 Nguyen-5'_20_47,None,tensor(0.),<bound method Expression.r2 of <Expression.Expression object at 0x7f62301f0c10>>
 Nguyen-5'_20_48,x**(2/5),tensor(0.),0
 Nguyen-5'_20_49,None,tensor(0.),<bound method Expression.r2 of <Expression.Expression object at 0x7f62280bc8b0>>
 Nguyen-5'_20_50,2/3,tensor(0.),0
 Nguyen-5'_20_51,None,tensor(0.),<bound method Expression.r2 of <Expression.Expression object at 0x7f62f810e100>>
 Nguyen-5'_20_52,None,tensor(0.),<bound method Expression.r2 of <Expression.Expression object at 0x7f6278192070>>
 Nguyen-5'_20_53,sqrt(x - 2),tensor(0.),0
 Nguyen-5'_20_54,2*x**2 - x,tensor(0.0579),-264.05547270393265
 Nguyen-5'_20_55,None,tensor(0.),<bound method Expression.r2 of <Expression.Expression object at 0x7f62700f40a0>>
 Nguyen-5'_20_56,None,tensor(0.),<bound method Expression.r2 of <Expression.Expression object at 0x7f6278040cd0>>
 Nguyen-5'_20_57,5/9,tensor(0.),0
 Nguyen-5'_20_58,None,tensor(0.),<bound method Expression.r2 of <Expression.Expression object at 0x7f62780bd7f0>>
 Nguyen-5'_20_59,x*(x + 1),tensor(0.0705),-172.67975465401133
 Nguyen-5'_20_60,-x**2 + 2*x,tensor(0.0811),-127.30476128599338
 Nguyen-5'_20_61,None,tensor(0.),<bound method Expression.r2 of <Expression.Expression object at 0x7f6230082160>>
 Nguyen-5'_20_62,None,tensor(0.),<bound method Expression.r2 of <Expression.Expression object at 0x7f62281df2e0>>
 Nguyen-5'_20_63,None,tensor(0.),<bound method Expression.r2 of <Expression.Expression object at 0x7f62701aea60>>
 Nguyen-5'_20_64,4*x**3,tensor(0.0674),-190.1781467845225
 Nguyen-5'_20_65,None,tensor(0.),<bound method Expression.r2 of <Expression.Expression object at 0x7f62701b4d00>>
 Nguyen-5'_20_66,x + (x + 4)**2,tensor(0.0088),-12777.031454930657
 Nguyen-5'_20_67,None,tensor(0.),<bound method Expression.r2 of <Expression.Expression object at 0x7f61f03ec550>>
 Nguyen-5'_20_68,None,tensor(0.),<bound method Expression.r2 of <Expression.Expression object at 0x7f62701c8820>>
 Nguyen-5'_20_69,6*x + sin(x),tensor(0.0362),-707.2505514889696
 Nguyen-5'_20_70,None,tensor(0.),<bound method Expression.r2 of <Expression.Expression object at 0x7f61f02858e0>>
 Nguyen-5'_20_71,None,tensor(0.),<bound method Expression.r2 of <Expression.Expression object at 0x7f62701c7130>>
 Nguyen-5'_20_72,acos(x + 4),tensor(0.),0
 Nguyen-5'_20_73,x*(x + sin(1)),tensor(0.0710),-170.38027665279958
 Nguyen-5'_20_74,None,tensor(0.),<bound method Expression.r2 of <Expression.Expression object at 0x7f623003ddc0>>
 Nguyen-5'_20_75,None,tensor(0.),<bound method Expression.r2 of <Expression.Expression object at 0x7f62300f0ca0>>
 Nguyen-5'_20_76,1/(4*x),tensor(0.0396),-587.230937564402
 Nguyen-5'_20_77,None,tensor(0.),<bound method Expression.r2 of <Expression.Expression object at 0x7f6278184430>>
 Nguyen-5'_20_78,None,tensor(0.),<bound method Expression.r2 of <Expression.Expression object at 0x7f61f0283160>>
 Nguyen-5'_20_79,None,tensor(0.),<bound method Expression.r2 of <Expression.Expression object at 0x7f622814c7f0>>
 Nguyen-5'_20_80,None,tensor(0.),<bound method Expression.r2 of <Expression.Expression object at 0x7f622814cb50>>
 Nguyen-5'_20_81,None,tensor(0.),<bound method Expression.r2 of <Expression.Expression object at 0x7f61f0283490>>
 Nguyen-5'_20_82,None,tensor(0.),<bound method Expression.r2 of <Expression.Expression object at 0x7f62701c77f0>>
 Nguyen-5'_20_83,None,tensor(0.),<bound method Expression.r2 of <Expression.Expression object at 0x7f62701c7ee0>>
 Nguyen-5'_20_84,None,tensor(0.),<bound method Expression.r2 of <Expression.Expression object at 0x7f62701e8790>>
 Nguyen-5'_20_85,None,tensor(0.),<bound method Expression.r2 of <Expression.Expression object at 0x7f62701e8d60>>
 Nguyen-5'_20_86,1/(2*x + 1),tensor(0.0347),-772.4108764230922
 Nguyen-5'_20_87,None,tensor(0.),<bound method Expression.r2 of <Expression.Expression object at 0x7f622810da00>>
 Nguyen-5'_20_88,None,tensor(0.),<bound method Expression.r2 of <Expression.Expression object at 0x7f62701e8a00>>
 Nguyen-5'_20_89,None,tensor(0.),<bound method Expression.r2 of <Expression.Expression object at 0x7f62701e8430>>
 Nguyen-5'_20_90,None,tensor(0.),<bound method Expression.r2 of <Expression.Expression object at 0x7f62701e88b0>>
 Nguyen-5'_20_91,3*x + 4,tensor(0.0269),-1302.7957234383841
 Nguyen-5'_20_92,-x*cos(x) + x,tensor(0.0844),-116.66047397588596
 Nguyen-5'_20_93,3*x**5 + x,tensor(0.0692),-179.87833494371708
 Nguyen-5'_20_94,1/x,tensor(0.0110),-8079.621116413411
 Nguyen-5'_20_95,None,tensor(0.),<bound method Expression.r2 of <Expression.Expression object at 0x7f61f018f9d0>>
 Nguyen-5'_20_96,atan(2*x),tensor(0.0797),-132.46265570041575
 Nguyen-5'_20_97,None,tensor(0.),<bound method Expression.r2 of <Expression.Expression object at 0x7f6278192d90>>
 Nguyen-5'_20_98,tan(3*x + 3),tensor(0.0021),-216061.1961889203
 Nguyen-5'_20_99,None,tensor(0.),<bound method Expression.r2 of <Expression.Expression object at 0x7f61f054dd60>>
 Nguyen-5'_20_100,None,tensor(0.),<bound method Expression.r2 of <Expression.Expression object at 0x7f62301b4340>>
 Nguyen-5'_20_101,None,tensor(0.),<bound method Expression.r2 of <Expression.Expression object at 0x7f62301b40d0>>
 Nguyen-5'_20_102,x*(x**4 + x),tensor(0.0714),-168.1040313141855
 Nguyen-5'_20_103,None,tensor(0.),<bound method Expression.r2 of <Expression.Expression object at 0x7f62700f4c70>>
 Nguyen-5'_20_104,3/(2*x**2),tensor(8.5564e-05),-136565059.73377013
 Nguyen-5'_20_105,None,tensor(0.),<bound method Expression.r2 of <Expression.Expression object at 0x7f62700f4490>>
 Nguyen-5'_20_106,-1/sqrt(x),tensor(0.),0
 Nguyen-5'_20_107,None,tensor(0.),<bound method Expression.r2 of <Expression.Expression object at 0x7f61f05ed250>>
 Nguyen-5'_20_108,None,tensor(0.),<bound method Expression.r2 of <Expression.Expression object at 0x7f61f0297a30>>
 Nguyen-5'_20_109,None,tensor(0.),<bound method Expression.r2 of <Expression.Expression object at 0x7f62b84b7d30>>
 Nguyen-5'_20_110,x**3 + x + 42,tensor(0.0037),-72259.12701066896
 Nguyen-5'_20_111,exp(5*x),tensor(0.0051),-38098.6636671016
 Nguyen-5'_20_112,sinh(2*x)/2,tensor(0.0787),-136.10792200909157
 Nguyen-5'_20_113,None,tensor(0.),<bound method Expression.r2 of <Expression.Expression object at 0x7f6270190b50>>
 Nguyen-5'_20_114,None,tensor(0.),<bound method Expression.r2 of <Expression.Expression object at 0x7f62301253a0>>
 Nguyen-5'_20_115,tan(tan(2*x)),tensor(0.0117),-7163.791588410933
 Nguyen-5'_20_116,None,tensor(0.),<bound method Expression.r2 of <Expression.Expression object at 0x7f6230100760>>
 Nguyen-5'_20_117,None,tensor(0.),<bound method Expression.r2 of <Expression.Expression object at 0x7f61f037fca0>>
 Nguyen-5'_20_118,x**2 + 2*x + cos(x),tensor(0.0503),-355.353314082746
 Nguyen-5'_20_119,None,tensor(0.),<bound method Expression.r2 of <Expression.Expression object at 0x7f62b84b7ee0>>
 Nguyen-5'_20_120,3*x**3 + x + tan(x),tensor(0.0527),-322.21198747908164
 Nguyen-5'_20_121,x*(x**2 + sin(x)),tensor(0.0725),-162.70517187527582
 Nguyen-5'_20_122,None,tensor(0.),<bound method Expression.r2 of <Expression.Expression object at 0x7f627803d520>>
 Nguyen-5'_20_123,None,tensor(0.),<bound method Expression.r2 of <Expression.Expression object at 0x7f6278192940>>
 Nguyen-5'_20_124,x*(x + 16),tensor(0.0168),-3439.713880712536
 Nguyen-5'_20_125,None,tensor(0.),<bound method Expression.r2 of <Expression.Expression object at 0x7f62780684c0>>
 Nguyen-5'_20_126,None,tensor(0.),<bound method Expression.r2 of <Expression.Expression object at 0x7f6270175b50>>
 Nguyen-5'_20_127,None,tensor(0.),<bound method Expression.r2 of <Expression.Expression object at 0x7f61f04de760>>
 Nguyen-5'_21_0,tanh(x)/x,tensor(0.0572),-270.446251552279
 Nguyen-5'_21_1,-exp(x),tensor(0.1464),-32.97058416758915
 Nguyen-5'_21_2,None,tensor(0.),<bound method Expression.r2 of <Expression.Expression object at 0x7f6230082d00>>
 Nguyen-5'_21_3,None,tensor(0.),<bound method Expression.r2 of <Expression.Expression object at 0x7f6230072310>>
 Nguyen-5'_21_4,None,tensor(0.),<bound method Expression.r2 of <Expression.Expression object at 0x7f62300725e0>>
 Nguyen-5'_21_5,x*(x**2 + x + 1),tensor(0.0679),-187.6994349839121
 Nguyen-5'_21_6,x + log(x) + 1,tensor(0.),0
 Nguyen-5'_21_7,None,tensor(0.),<bound method Expression.r2 of <Expression.Expression object at 0x7f62301f5fa0>>
 Nguyen-5'_21_8,None,tensor(0.),<bound method Expression.r2 of <Expression.Expression object at 0x7f62700eb520>>
 Nguyen-5'_21_9,x**2/2 + 8*x,tensor(0.0317),-930.3745171415584
 Nguyen-5'_21_10,None,tensor(0.),<bound method Expression.r2 of <Expression.Expression object at 0x7f61f037fbe0>>
 Nguyen-5'_21_11,None,tensor(0.),<bound method Expression.r2 of <Expression.Expression object at 0x7f61f05c58e0>>
 Nguyen-5'_21_12,3*x + asin(x),tensor(0.0528),-321.318790755665
 Nguyen-5'_21_13,None,tensor(0.),<bound method Expression.r2 of <Expression.Expression object at 0x7f623014c790>>
 Nguyen-5'_21_14,x/(x + 3),tensor(0.0860),-111.82302590170956
 Nguyen-5'_21_15,None,tensor(0.),<bound method Expression.r2 of <Expression.Expression object at 0x7f61f056ec40>>
 Nguyen-5'_21_16,None,tensor(0.),<bound method Expression.r2 of <Expression.Expression object at 0x7f61f04c2340>>
 Nguyen-5'_21_17,None,tensor(0.),<bound method Expression.r2 of <Expression.Expression object at 0x7f62280f5340>>
 Nguyen-5'_21_18,None,tensor(0.),<bound method Expression.r2 of <Expression.Expression object at 0x7f62280f5280>>
 Nguyen-5'_21_19,None,tensor(0.),<bound method Expression.r2 of <Expression.Expression object at 0x7f62781333a0>>
 Nguyen-5'_21_20,None,tensor(0.),<bound method Expression.r2 of <Expression.Expression object at 0x7f61f02830d0>>
 Nguyen-5'_21_21,x*(x + atan(x)) + 2*x,tensor(0.0589),-254.3655813165361
 Nguyen-5'_21_22,x**2*(x + 2),tensor(0.0612),-234.182203828274
 Nguyen-5'_21_23,x*acos(x),tensor(0.0881),-106.15010112579472
 Nguyen-5'_21_24,None,tensor(0.),<bound method Expression.r2 of <Expression.Expression object at 0x7f6228087b20>>
 Nguyen-5'_21_25,None,tensor(0.),<bound method Expression.r2 of <Expression.Expression object at 0x7f61f054d730>>
 Nguyen-5'_21_26,None,tensor(0.),<bound method Expression.r2 of <Expression.Expression object at 0x7f62701e5490>>
 Nguyen-5'_21_27,None,tensor(0.),<bound method Expression.r2 of <Expression.Expression object at 0x7f62701e59d0>>
 Nguyen-5'_21_28,x**(3/2)/3,tensor(0.),0
 Nguyen-5'_21_29,x**3 + 2*x,tensor(0.0674),-190.22859726044155
 Nguyen-5'_21_30,None,tensor(0.),<bound method Expression.r2 of <Expression.Expression object at 0x7f61f02a5b50>>
 Nguyen-5'_21_31,x**2*sinh(2),tensor(0.0486),-382.58020140867126
 Nguyen-5'_21_32,None,tensor(0.),<bound method Expression.r2 of <Expression.Expression object at 0x7f61f0285640>>
 Nguyen-5'_21_33,sin(2*x)/2,tensor(0.0836),-119.15078942733517
 Nguyen-5'_21_34,None,tensor(0.),<bound method Expression.r2 of <Expression.Expression object at 0x7f61f046c760>>
 Nguyen-5'_21_35,None,tensor(0.),<bound method Expression.r2 of <Expression.Expression object at 0x7f6228038190>>
 Nguyen-5'_21_36,None,tensor(0.),<bound method Expression.r2 of <Expression.Expression object at 0x7f62701c7be0>>
 Nguyen-5'_21_37,None,tensor(0.),<bound method Expression.r2 of <Expression.Expression object at 0x7f62701c7670>>
 Nguyen-5'_21_38,None,tensor(0.),<bound method Expression.r2 of <Expression.Expression object at 0x7f62701c7e50>>
 Nguyen-5'_21_39,None,tensor(0.),<bound method Expression.r2 of <Expression.Expression object at 0x7f62780407f0>>
 Nguyen-5'_21_40,x**3*(x + 2),tensor(0.0735),-157.988556804251
 Nguyen-5'_21_41,x - atan(x),tensor(0.0844),-116.81862012788959
 Nguyen-5'_21_42,None,tensor(0.),<bound method Expression.r2 of <Expression.Expression object at 0x7f61eb1beaf0>>
 Nguyen-5'_21_43,x**2*(x + exp(x) + 2),tensor(0.0503),-355.4538261367311
 Nguyen-5'_21_44,None,tensor(0.),<bound method Expression.r2 of <Expression.Expression object at 0x7f61eb1bee20>>
 Nguyen-5'_21_45,2*x*cos(5),tensor(0.0840),-117.88824175315514
 Nguyen-5'_21_46,4*x*log(x) + x,tensor(0.),0
 Nguyen-5'_21_47,x**4*acosh(x),tensor(0.),0
 Nguyen-5'_21_48,tan(x + tan(x + 1)),tensor(0.0374),-661.3717979629564
 Nguyen-5'_21_49,None,tensor(0.),<bound method Expression.r2 of <Expression.Expression object at 0x7f6270190eb0>>
 Nguyen-5'_21_50,pi/2,tensor(0.),0
 Nguyen-5'_21_51,None,tensor(0.),<bound method Expression.r2 of <Expression.Expression object at 0x7f62781dd7f0>>
 Nguyen-5'_21_52,None,tensor(0.),<bound method Expression.r2 of <Expression.Expression object at 0x7f62780a8910>>
 Nguyen-5'_21_53,-x/2,tensor(0.0819),-124.58812989023588
 Nguyen-5'_21_54,4*x**2,tensor(0.0464),-421.9018529048344
 Nguyen-5'_21_55,-2*x**2 + 8*x,tensor(0.0320),-911.5857540190744
 Nguyen-5'_21_56,x**2,tensor(0.0711),-169.4599711103949
 Nguyen-5'_21_57,None,tensor(0.),<bound method Expression.r2 of <Expression.Expression object at 0x7f6278058610>>
 Nguyen-5'_21_58,tan(x) + 1,tensor(0.0548),-296.11275105658814
 Nguyen-5'_21_59,x + tan(x + 4),tensor(0.0159),-3827.92638252239
 Nguyen-5'_21_60,2*x*(x + 1),tensor(0.0578),-264.68052388995426
 Nguyen-5'_21_61,None,tensor(0.),<bound method Expression.r2 of <Expression.Expression object at 0x7f62281da460>>
 Nguyen-5'_21_62,None,tensor(0.),<bound method Expression.r2 of <Expression.Expression object at 0x7f62281da220>>
 Nguyen-5'_21_63,sqrt(3)/x,tensor(0.0064),-24193.17528817637
 Nguyen-5'_21_64,x**2 + sinh(x)/x**2,tensor(0.0110),-8138.410844578969
 Nguyen-5'_21_65,None,tensor(0.),<bound method Expression.r2 of <Expression.Expression object at 0x7f62781cf0a0>>
 Nguyen-5'_21_66,x*(x**4 + x),tensor(0.0714),-168.1040313141855
 Nguyen-5'_21_67,-cos(2*x)/2,tensor(0.0947),-90.35676401225193
 Nguyen-5'_21_68,None,tensor(0.),<bound method Expression.r2 of <Expression.Expression object at 0x7f6230100280>>
 Nguyen-5'_21_69,x*(-x**2 + x + 2),tensor(0.0687),-182.98146858290932
 Nguyen-5'_21_70,None,tensor(0.),<bound method Expression.r2 of <Expression.Expression object at 0x7f6228179070>>
 Nguyen-5'_21_71,None,tensor(0.),<bound method Expression.r2 of <Expression.Expression object at 0x7f6270174370>>
 Nguyen-5'_21_72,None,tensor(0.),<bound method Expression.r2 of <Expression.Expression object at 0x7f623003d400>>
 Nguyen-5'_21_73,x*(exp(x) + 1) + x,tensor(0.0555),-288.5950834909303
 Nguyen-5'_21_74,x**2/4 + 2*x,tensor(0.0717),-166.8628227328061
 Nguyen-5'_21_75,None,tensor(0.),<bound method Expression.r2 of <Expression.Expression object at 0x7f62701ae0a0>>
 Nguyen-5'_21_76,None,tensor(0.),<bound method Expression.r2 of <Expression.Expression object at 0x7f62701f2610>>
 Nguyen-5'_21_77,None,tensor(0.),<bound method Expression.r2 of <Expression.Expression object at 0x7f62701f2c40>>
 Nguyen-5'_21_78,None,tensor(0.),<bound method Expression.r2 of <Expression.Expression object at 0x7f61f0170a90>>
 Nguyen-5'_21_79,x**2,tensor(0.0711),-169.4599711103949
 Nguyen-5'_21_80,x*exp(x),tensor(0.0683),-185.272734252315
 Nguyen-5'_21_81,None,tensor(0.),<bound method Expression.r2 of <Expression.Expression object at 0x7f62b84b7430>>
 Nguyen-5'_21_82,None,tensor(0.),<bound method Expression.r2 of <Expression.Expression object at 0x7f62701c88e0>>
 Nguyen-5'_21_83,None,tensor(0.),<bound method Expression.r2 of <Expression.Expression object at 0x7f6228087df0>>
 Nguyen-5'_21_84,None,tensor(0.),<bound method Expression.r2 of <Expression.Expression object at 0x7f62781231f0>>
 Nguyen-5'_21_85,None,tensor(0.),<bound method Expression.r2 of <Expression.Expression object at 0x7f62701c8280>>
 Nguyen-5'_21_86,None,tensor(0.),<bound method Expression.r2 of <Expression.Expression object at 0x7f61f05700d0>>
 Nguyen-5'_21_87,6*x**5/5,tensor(0.0837),-118.71968423414037
 Nguyen-5'_21_88,None,tensor(0.),<bound method Expression.r2 of <Expression.Expression object at 0x7f61f0530b20>>
 Nguyen-5'_21_89,None,tensor(0.),<bound method Expression.r2 of <Expression.Expression object at 0x7f62281dfe50>>
 Nguyen-5'_21_90,x**3*(x + 12),tensor(0.0323),-896.0898540596909
 Nguyen-5'_21_91,(3*x + 5)**2,tensor(0.0049),-41869.08240957171
 Nguyen-5'_21_92,x**2 + x + log(x),tensor(0.),0
 Nguyen-5'_21_93,log(x)**2,tensor(0.),0
 Nguyen-5'_21_94,x + exp(x + 4),tensor(0.0022),-199711.28094192137
 Nguyen-5'_21_95,None,tensor(0.),<bound method Expression.r2 of <Expression.Expression object at 0x7f62701c75e0>>
 Nguyen-5'_21_96,None,tensor(0.),<bound method Expression.r2 of <Expression.Expression object at 0x7f62780a8b50>>
 Nguyen-5'_21_97,None,tensor(0.),<bound method Expression.r2 of <Expression.Expression object at 0x7f62301f1070>>
 Nguyen-5'_21_98,None,tensor(0.),<bound method Expression.r2 of <Expression.Expression object at 0x7f62301f14f0>>
 Nguyen-5'_21_99,2*log(x**2*cosh(x)),tensor(0.0374),-663.0245124921076
 Nguyen-5'_21_100,None,tensor(0.),<bound method Expression.r2 of <Expression.Expression object at 0x7f62301f1b50>>
 Nguyen-5'_21_101,None,tensor(0.),<bound method Expression.r2 of <Expression.Expression object at 0x7f6278040700>>
 Nguyen-5'_21_102,None,tensor(0.),<bound method Expression.r2 of <Expression.Expression object at 0x7f61f05eda30>>
 Nguyen-5'_21_103,None,tensor(0.),<bound method Expression.r2 of <Expression.Expression object at 0x7f62301031f0>>
 Nguyen-5'_21_104,2*x**2/sin(5),tensor(0.1122),-61.59712489473726
 Nguyen-5'_21_105,x**2*(2*x + 4),tensor(0.0466),-418.3803507961164
 Nguyen-5'_21_106,None,tensor(0.),<bound method Expression.r2 of <Expression.Expression object at 0x7f62781dd6d0>>
 Nguyen-5'_21_107,None,tensor(0.),<bound method Expression.r2 of <Expression.Expression object at 0x7f62781ddca0>>
 Nguyen-5'_21_108,None,tensor(0.),<bound method Expression.r2 of <Expression.Expression object at 0x7f62781dd250>>
 Nguyen-5'_21_109,None,tensor(0.),<bound method Expression.r2 of <Expression.Expression object at 0x7f62781dd490>>
 Nguyen-5'_21_110,2*sinh(x) + 2,tensor(0.0403),-565.5589932221685
 Nguyen-5'_21_111,None,tensor(0.),<bound method Expression.r2 of <Expression.Expression object at 0x7f62701e53d0>>
 Nguyen-5'_21_112,x**2*exp(5),tensor(0.0023),-184650.71265811226
 Nguyen-5'_21_113,x*(x + 5),tensor(0.0448),-453.7870032371668
 Nguyen-5'_21_114,x + atan(x),tensor(0.0751),-150.6253349805342
 Nguyen-5'_21_115,None,tensor(0.),<bound method Expression.r2 of <Expression.Expression object at 0x7f61f018fee0>>
 Nguyen-5'_21_116,None,tensor(0.),<bound method Expression.r2 of <Expression.Expression object at 0x7f62281dadc0>>
 Nguyen-5'_21_117,None,tensor(0.),<bound method Expression.r2 of <Expression.Expression object at 0x7f62281da790>>
 Nguyen-5'_21_118,None,tensor(0.),<bound method Expression.r2 of <Expression.Expression object at 0x7f62281da2b0>>
 Nguyen-5'_21_119,None,tensor(0.),<bound method Expression.r2 of <Expression.Expression object at 0x7f62281f4b20>>
 Nguyen-5'_21_120,None,tensor(0.),<bound method Expression.r2 of <Expression.Expression object at 0x7f61f0541400>>
 Nguyen-5'_21_121,exp(x/2),tensor(0.0549),-295.42253667793045
 Nguyen-5'_21_122,None,tensor(0.),<bound method Expression.r2 of <Expression.Expression object at 0x7f6270118190>>
 Nguyen-5'_21_123,None,tensor(0.),<bound method Expression.r2 of <Expression.Expression object at 0x7f6270118c10>>
 Nguyen-5'_21_124,-6,tensor(0.),0
 Nguyen-5'_21_125,x*(x**4 + x),tensor(0.0714),-168.1040313141855
 Nguyen-5'_21_126,None,tensor(0.),<bound method Expression.r2 of <Expression.Expression object at 0x7f62780584c0>>
 Nguyen-5'_21_127,None,tensor(0.),<bound method Expression.r2 of <Expression.Expression object at 0x7f629809ce80>>
 Nguyen-5'_22_0,x + tan(x**2),tensor(0.0684),-184.71449304802562
 Nguyen-5'_22_1,4*x**4 + 2*x,tensor(0.0534),-312.877413511821
 Nguyen-5'_22_2,None,tensor(0.),<bound method Expression.r2 of <Expression.Expression object at 0x7f62700de3d0>>
 Nguyen-5'_22_3,None,tensor(0.),<bound method Expression.r2 of <Expression.Expression object at 0x7f61f04de160>>
 Nguyen-5'_22_4,None,tensor(0.),<bound method Expression.r2 of <Expression.Expression object at 0x7f61f04def40>>
 Nguyen-5'_22_5,None,tensor(0.),<bound method Expression.r2 of <Expression.Expression object at 0x7f61f04dea90>>
 Nguyen-5'_22_6,exp(x) + 2*tan(x),tensor(0.0445),-460.97508382709447
 Nguyen-5'_22_7,None,tensor(0.),<bound method Expression.r2 of <Expression.Expression object at 0x7f61f056e160>>
 Nguyen-5'_22_8,-sin(x),tensor(0.0790),-135.01770837903962
 Nguyen-5'_22_9,x*(x + log(x)) + x,tensor(0.),0
 Nguyen-5'_22_10,None,tensor(0.),<bound method Expression.r2 of <Expression.Expression object at 0x7f61f0573730>>
 Nguyen-5'_22_11,None,tensor(0.),<bound method Expression.r2 of <Expression.Expression object at 0x7f62280bcc10>>
 Nguyen-5'_22_12,acos(x + 4),tensor(0.),0
 Nguyen-5'_22_13,None,tensor(0.),<bound method Expression.r2 of <Expression.Expression object at 0x7f61eb087790>>
 Nguyen-5'_22_14,None,tensor(0.),<bound method Expression.r2 of <Expression.Expression object at 0x7f62301946d0>>
 Nguyen-5'_22_15,None,tensor(0.),<bound method Expression.r2 of <Expression.Expression object at 0x7f6230194190>>
 Nguyen-5'_22_16,None,tensor(0.),<bound method Expression.r2 of <Expression.Expression object at 0x7f6230194640>>
 Nguyen-5'_22_17,None,tensor(0.),<bound method Expression.r2 of <Expression.Expression object at 0x7f61f01a7e50>>
 Nguyen-5'_22_18,-atanh(x),tensor(0.0733),-158.8671232850055
 Nguyen-5'_22_19,None,tensor(0.),<bound method Expression.r2 of <Expression.Expression object at 0x7f61f0215490>>
 Nguyen-5'_22_20,-sin(2*x),tensor(0.0752),-150.20181172159243
 Nguyen-5'_22_21,None,tensor(0.),<bound method Expression.r2 of <Expression.Expression object at 0x7f6270197940>>
 Nguyen-5'_22_22,None,tensor(0.),<bound method Expression.r2 of <Expression.Expression object at 0x7f62301544c0>>
 Nguyen-5'_22_23,2*x**2*(x + cos(x)),tensor(0.0654),-203.41607825425947
 Nguyen-5'_22_24,None,tensor(0.),<bound method Expression.r2 of <Expression.Expression object at 0x7f6230154790>>
 Nguyen-5'_22_25,None,tensor(0.),<bound method Expression.r2 of <Expression.Expression object at 0x7f6270197eb0>>
 Nguyen-5'_22_26,4/x,tensor(0.0028),-129303.67560171001
 Nguyen-5'_22_27,-exp(x) + acosh(x),tensor(0.),0
 Nguyen-5'_22_28,None,tensor(0.),<bound method Expression.r2 of <Expression.Expression object at 0x7f6270118ee0>>
 Nguyen-5'_22_29,None,tensor(0.),<bound method Expression.r2 of <Expression.Expression object at 0x7f61eb1f34f0>>
 Nguyen-5'_22_30,x**3 + x**2 + x,tensor(0.0679),-187.6994349839121
 Nguyen-5'_22_31,2*x**2 + 2,tensor(0.0349),-763.3040901859603
 Nguyen-5'_22_32,None,tensor(0.),<bound method Expression.r2 of <Expression.Expression object at 0x7f61f04b7220>>
 Nguyen-5'_22_33,None,tensor(0.),<bound method Expression.r2 of <Expression.Expression object at 0x7f61f04b70a0>>
 Nguyen-5'_22_34,sinh(x)*cosh(x),tensor(0.0787),-136.10792200909157
 Nguyen-5'_22_35,None,tensor(0.),<bound method Expression.r2 of <Expression.Expression object at 0x7f62701c7610>>
 Nguyen-5'_22_36,76/5,tensor(0.),0
 Nguyen-5'_22_37,x/5,tensor(0.0844),-116.74560236896512
 Nguyen-5'_22_38,sinh(x + 3),tensor(0.0110),-8020.909884225362
 Nguyen-5'_22_39,None,tensor(0.),<bound method Expression.r2 of <Expression.Expression object at 0x7f61f0285c10>>
 Nguyen-5'_22_40,None,tensor(0.),<bound method Expression.r2 of <Expression.Expression object at 0x7f62300b1370>>
 Nguyen-5'_22_41,None,tensor(0.),<bound method Expression.r2 of <Expression.Expression object at 0x7f62300b1ca0>>
 Nguyen-5'_22_42,None,tensor(0.),<bound method Expression.r2 of <Expression.Expression object at 0x7f62300b1820>>
 Nguyen-5'_22_43,None,tensor(0.),<bound method Expression.r2 of <Expression.Expression object at 0x7f62701c7310>>
 Nguyen-5'_22_44,None,tensor(0.),<bound method Expression.r2 of <Expression.Expression object at 0x7f62301b2790>>
 Nguyen-5'_22_45,None,tensor(0.),<bound method Expression.r2 of <Expression.Expression object at 0x7f62701c74f0>>
 Nguyen-5'_22_46,None,tensor(0.),<bound method Expression.r2 of <Expression.Expression object at 0x7f62701c76d0>>
 Nguyen-5'_22_47,None,tensor(0.),<bound method Expression.r2 of <Expression.Expression object at 0x7f61f02f3fd0>>
 Nguyen-5'_22_48,None,tensor(0.),<bound method Expression.r2 of <Expression.Expression object at 0x7f61f02f3250>>
 Nguyen-5'_22_49,3*x*cos(x) + sin(x),tensor(0.0626),-223.23834262165045
 Nguyen-5'_22_50,None,tensor(0.),<bound method Expression.r2 of <Expression.Expression object at 0x7f61f02f3130>>
 Nguyen-5'_22_51,x**2 + tan(x + 1),tensor(0.0007),-1925625.5278338913
 Nguyen-5'_22_52,None,tensor(0.),<bound method Expression.r2 of <Expression.Expression object at 0x7f61f02f3ac0>>
 Nguyen-5'_22_53,None,tensor(0.),<bound method Expression.r2 of <Expression.Expression object at 0x7f623018e1f0>>
 Nguyen-5'_22_54,x + cos(x)**3,tensor(0.0622),-226.1683771954362
 Nguyen-5'_22_55,None,tensor(0.),<bound method Expression.r2 of <Expression.Expression object at 0x7f62780716d0>>
 Nguyen-5'_22_56,None,tensor(0.),<bound method Expression.r2 of <Expression.Expression object at 0x7f61f01a7310>>
 Nguyen-5'_22_57,None,tensor(0.),<bound method Expression.r2 of <Expression.Expression object at 0x7f6270175670>>
 Nguyen-5'_22_58,None,tensor(0.),<bound method Expression.r2 of <Expression.Expression object at 0x7f6270175cd0>>
 Nguyen-5'_22_59,None,tensor(0.),<bound method Expression.r2 of <Expression.Expression object at 0x7f6270118fd0>>
 Nguyen-5'_22_60,None,tensor(0.),<bound method Expression.r2 of <Expression.Expression object at 0x7f62301b4b20>>
 Nguyen-5'_22_61,None,tensor(0.),<bound method Expression.r2 of <Expression.Expression object at 0x7f62301b4070>>
 Nguyen-5'_22_62,None,tensor(0.),<bound method Expression.r2 of <Expression.Expression object at 0x7f62280d1310>>
 Nguyen-5'_22_63,None,tensor(0.),<bound method Expression.r2 of <Expression.Expression object at 0x7f62700f4670>>
 Nguyen-5'_22_64,x*(x + sin(4)),tensor(0.0683),-184.85439905813584
 Nguyen-5'_22_65,None,tensor(0.),<bound method Expression.r2 of <Expression.Expression object at 0x7f61f04b7b20>>
 Nguyen-5'_22_66,None,tensor(0.),<bound method Expression.r2 of <Expression.Expression object at 0x7f61f0215e50>>
 Nguyen-5'_22_67,1/10,tensor(0.),0
 Nguyen-5'_22_68,65*x**3 + 2*x,tensor(0.0061),-26127.02090880668
 Nguyen-5'_22_69,None,tensor(0.),<bound method Expression.r2 of <Expression.Expression object at 0x7f6230125a90>>
 Nguyen-5'_22_70,-log(cos(x)) + sin(x),tensor(0.0758),-147.8668793431071
 Nguyen-5'_22_71,None,tensor(0.),<bound method Expression.r2 of <Expression.Expression object at 0x7f62281236a0>>
 Nguyen-5'_22_72,-cos(cos(x + 4)),tensor(0.1370),-38.65079189333798
 Nguyen-5'_22_73,None,tensor(0.),<bound method Expression.r2 of <Expression.Expression object at 0x7f622814c1f0>>
 Nguyen-5'_22_74,None,tensor(0.),<bound method Expression.r2 of <Expression.Expression object at 0x7f623012ebb0>>
 Nguyen-5'_22_75,sinh(x)*acosh(x),tensor(0.),0
 Nguyen-5'_22_76,None,tensor(0.),<bound method Expression.r2 of <Expression.Expression object at 0x7f6270190100>>
 Nguyen-5'_22_77,None,tensor(0.),<bound method Expression.r2 of <Expression.Expression object at 0x7f61eb1f3130>>
 Nguyen-5'_22_78,Abs(x)/4,tensor(0.0790),-135.04497813538725
 Nguyen-5'_22_79,None,tensor(0.),<bound method Expression.r2 of <Expression.Expression object at 0x7f6230192940>>
 Nguyen-5'_22_80,None,tensor(0.),<bound method Expression.r2 of <Expression.Expression object at 0x7f61eb1bf850>>
 Nguyen-5'_22_81,None,tensor(0.),<bound method Expression.r2 of <Expression.Expression object at 0x7f623014c8e0>>
 Nguyen-5'_22_82,None,tensor(0.),<bound method Expression.r2 of <Expression.Expression object at 0x7f623014cb20>>
 Nguyen-5'_22_83,None,tensor(0.),<bound method Expression.r2 of <Expression.Expression object at 0x7f623014c7c0>>
 Nguyen-5'_22_84,None,tensor(0.),<bound method Expression.r2 of <Expression.Expression object at 0x7f623014c580>>
 Nguyen-5'_22_85,2*x*tan(x)**2*asin(x),tensor(0.0509),-347.341986502758
 Nguyen-5'_22_86,x - log(cos(x)),tensor(0.0754),-149.35875313239637
 Nguyen-5'_22_87,None,tensor(0.),<bound method Expression.r2 of <Expression.Expression object at 0x7f61eb1bf280>>
 Nguyen-5'_22_88,4*x*(x + 1),tensor(0.0405),-559.5806579452036
 Nguyen-5'_22_89,3*x - exp(x),tensor(0.1122),-61.63333838417343
 Nguyen-5'_22_90,None,tensor(0.),<bound method Expression.r2 of <Expression.Expression object at 0x7f6230100940>>
 Nguyen-5'_22_91,None,tensor(0.),<bound method Expression.r2 of <Expression.Expression object at 0x7f61f056e850>>
 Nguyen-5'_22_92,x + 2*sin(x),tensor(0.0654),-203.32314904918758
 Nguyen-5'_22_93,None,tensor(0.),<bound method Expression.r2 of <Expression.Expression object at 0x7f61f0215040>>
 Nguyen-5'_22_94,None,tensor(0.),<bound method Expression.r2 of <Expression.Expression object at 0x7f62301b17c0>>
 Nguyen-5'_22_95,None,tensor(0.),<bound method Expression.r2 of <Expression.Expression object at 0x7f61f04de8e0>>
 Nguyen-5'_22_96,None,tensor(0.),<bound method Expression.r2 of <Expression.Expression object at 0x7f62301b1370>>
 Nguyen-5'_22_97,None,tensor(0.),<bound method Expression.r2 of <Expression.Expression object at 0x7f62301b1160>>
 Nguyen-5'_22_98,None,tensor(0.),<bound method Expression.r2 of <Expression.Expression object at 0x7f62280d1b80>>
 Nguyen-5'_22_99,(x**2 + x)**4,tensor(0.0404),-563.2809583814297
 Nguyen-5'_22_100,2*x*(x + 3),tensor(0.0380),-641.0332856434821
 Nguyen-5'_22_101,None,tensor(0.),<bound method Expression.r2 of <Expression.Expression object at 0x7f62701e82b0>>
 Nguyen-5'_22_102,None,tensor(0.),<bound method Expression.r2 of <Expression.Expression object at 0x7f627817ffa0>>
 Nguyen-5'_22_103,None,tensor(0.),<bound method Expression.r2 of <Expression.Expression object at 0x7f61f04b7520>>
 Nguyen-5'_22_104,None,tensor(0.),<bound method Expression.r2 of <Expression.Expression object at 0x7f61f04b7d30>>
 Nguyen-5'_22_105,None,tensor(0.),<bound method Expression.r2 of <Expression.Expression object at 0x7f61f04b7670>>
 Nguyen-5'_22_106,None,tensor(0.),<bound method Expression.r2 of <Expression.Expression object at 0x7f61f04b79d0>>
 Nguyen-5'_22_107,None,tensor(0.),<bound method Expression.r2 of <Expression.Expression object at 0x7f62701c7a90>>
 Nguyen-5'_22_108,x**2*(4*x + 1),tensor(0.0613),-233.54399484281956
 Nguyen-5'_22_109,None,tensor(0.),<bound method Expression.r2 of <Expression.Expression object at 0x7f6278087c70>>
 Nguyen-5'_22_110,None,tensor(0.),<bound method Expression.r2 of <Expression.Expression object at 0x7f62300f2550>>
 Nguyen-5'_22_111,None,tensor(0.),<bound method Expression.r2 of <Expression.Expression object at 0x7f61eb1bf940>>
 Nguyen-5'_22_112,x*(4 - x),tensor(0.0563),-279.9041181706746
 Nguyen-5'_22_113,5*x**2/2 + 2*x,tensor(0.0544),-301.72195603448455
 Nguyen-5'_22_114,None,tensor(0.),<bound method Expression.r2 of <Expression.Expression object at 0x7f61f037f2b0>>
 Nguyen-5'_22_115,None,tensor(0.),<bound method Expression.r2 of <Expression.Expression object at 0x7f61f0453040>>
 Nguyen-5'_22_116,x*(x + 4),tensor(0.0511),-343.2759739300745
 Nguyen-5'_22_117,x**2/2 + x*sin(x),tensor(0.0667),-194.65516876817642
 Nguyen-5'_22_118,None,tensor(0.),<bound method Expression.r2 of <Expression.Expression object at 0x7f62780d7610>>
 Nguyen-5'_22_119,None,tensor(0.),<bound method Expression.r2 of <Expression.Expression object at 0x7f62281f0880>>
 Nguyen-5'_22_120,None,tensor(0.),<bound method Expression.r2 of <Expression.Expression object at 0x7f62780ac9a0>>
 Nguyen-5'_22_121,None,tensor(0.),<bound method Expression.r2 of <Expression.Expression object at 0x7f62780ac640>>
 Nguyen-5'_22_122,None,tensor(0.),<bound method Expression.r2 of <Expression.Expression object at 0x7f62780ac130>>
 Nguyen-5'_22_123,None,tensor(0.),<bound method Expression.r2 of <Expression.Expression object at 0x7f62780acac0>>
 Nguyen-5'_22_124,None,tensor(0.),<bound method Expression.r2 of <Expression.Expression object at 0x7f6228179940>>
 Nguyen-5'_22_125,None,tensor(0.),<bound method Expression.r2 of <Expression.Expression object at 0x7f6228179a90>>
 Nguyen-5'_22_126,None,tensor(0.),<bound method Expression.r2 of <Expression.Expression object at 0x7f62281793d0>>
 Nguyen-5'_22_127,None,tensor(0.),<bound method Expression.r2 of <Expression.Expression object at 0x7f6228179d90>>
 Nguyen-5'_23_0,None,tensor(0.),<bound method Expression.r2 of <Expression.Expression object at 0x7f62b84b7d00>>
 Nguyen-5'_23_1,None,tensor(0.),<bound method Expression.r2 of <Expression.Expression object at 0x7f61f02851c0>>
 Nguyen-5'_23_2,-x**2 - exp(x),tensor(0.1537),-29.340602593501817
 Nguyen-5'_23_3,None,tensor(0.),<bound method Expression.r2 of <Expression.Expression object at 0x7f62281f4ee0>>
 Nguyen-5'_23_4,None,tensor(0.),<bound method Expression.r2 of <Expression.Expression object at 0x7f62300f2eb0>>
 Nguyen-5'_23_5,x*sinh(3*x),tensor(0.0326),-880.7068690749915
 Nguyen-5'_23_6,x + exp(x + 4),tensor(0.0022),-199711.28094192137
 Nguyen-5'_23_7,-2*x**2 + x,tensor(0.1030),-74.76845275563444
 Nguyen-5'_23_8,None,tensor(0.),<bound method Expression.r2 of <Expression.Expression object at 0x7f6230182550>>
 Nguyen-5'_23_9,x*(x**2 + 5),tensor(0.0428),-498.82631045435085
 Nguyen-5'_23_10,None,tensor(0.),<bound method Expression.r2 of <Expression.Expression object at 0x7f61f0570220>>
 Nguyen-5'_23_11,None,tensor(0.),<bound method Expression.r2 of <Expression.Expression object at 0x7f61f0170c40>>
 Nguyen-5'_23_12,None,tensor(0.),<bound method Expression.r2 of <Expression.Expression object at 0x7f6228087460>>
 Nguyen-5'_23_13,x + sin(x) - 5,tensor(0.0438),-474.90003938256996
 Nguyen-5'_23_14,(x + 4)*log(x),tensor(0.),0
 Nguyen-5'_23_15,None,tensor(0.),<bound method Expression.r2 of <Expression.Expression object at 0x7f627817bb20>>
 Nguyen-5'_23_16,atan(2*x),tensor(0.0797),-132.46265570041575
 Nguyen-5'_23_17,(x + 2)*asin(x),tensor(0.0618),-229.24304223080904
 Nguyen-5'_23_18,x*(tan(x) + asinh(x)),tensor(0.0588),-254.97599586165822
 Nguyen-5'_23_19,None,tensor(0.),<bound method Expression.r2 of <Expression.Expression object at 0x7f627012d580>>
 Nguyen-5'_23_20,None,tensor(0.),<bound method Expression.r2 of <Expression.Expression object at 0x7f61f02a5370>>
 Nguyen-5'_23_21,None,tensor(0.),<bound method Expression.r2 of <Expression.Expression object at 0x7f61f0541a30>>
 Nguyen-5'_23_22,None,tensor(0.),<bound method Expression.r2 of <Expression.Expression object at 0x7f61f0541af0>>
 Nguyen-5'_23_23,x**4 + 2*x,tensor(0.0687),-182.7697045181031
 Nguyen-5'_23_24,None,tensor(0.),<bound method Expression.r2 of <Expression.Expression object at 0x7f62281f4700>>
 Nguyen-5'_23_25,None,tensor(0.),<bound method Expression.r2 of <Expression.Expression object at 0x7f62281f4070>>
 Nguyen-5'_23_26,None,tensor(0.),<bound method Expression.r2 of <Expression.Expression object at 0x7f62281f47f0>>
 Nguyen-5'_23_27,None,tensor(0.),<bound method Expression.r2 of <Expression.Expression object at 0x7f62301b1940>>
 Nguyen-5'_23_28,None,tensor(0.),<bound method Expression.r2 of <Expression.Expression object at 0x7f62281f43d0>>
 Nguyen-5'_23_29,None,tensor(0.),<bound method Expression.r2 of <Expression.Expression object at 0x7f62301b1550>>
 Nguyen-5'_23_30,26/x**3,tensor(5.0726e-08),-388629023735663.5
 Nguyen-5'_23_31,None,tensor(0.),<bound method Expression.r2 of <Expression.Expression object at 0x7f61f0530e50>>
 Nguyen-5'_23_32,x*(x + cos(5)),tensor(0.0715),-167.64813179806563
 Nguyen-5'_23_33,None,tensor(0.),<bound method Expression.r2 of <Expression.Expression object at 0x7f6270118b20>>
 Nguyen-5'_23_34,x**3/3142,tensor(0.0841),-117.64367056479148
 Nguyen-5'_23_35,4*x*exp(2*x),tensor(0.0184),-2860.413564512324
 Nguyen-5'_23_36,None,tensor(0.),<bound method Expression.r2 of <Expression.Expression object at 0x7f62701a3730>>
 Nguyen-5'_23_37,None,tensor(0.),<bound method Expression.r2 of <Expression.Expression object at 0x7f62780a8b20>>
 Nguyen-5'_23_38,None,tensor(0.),<bound method Expression.r2 of <Expression.Expression object at 0x7f61f02831f0>>
 Nguyen-5'_23_39,5*x + 5*log(x),tensor(0.),0
 Nguyen-5'_23_40,None,tensor(0.),<bound method Expression.r2 of <Expression.Expression object at 0x7f61f0170a30>>
 Nguyen-5'_23_41,None,tensor(0.),<bound method Expression.r2 of <Expression.Expression object at 0x7f6278133730>>
 Nguyen-5'_23_42,None,tensor(0.),<bound method Expression.r2 of <Expression.Expression object at 0x7f6278058340>>
 Nguyen-5'_23_43,None,tensor(0.),<bound method Expression.r2 of <Expression.Expression object at 0x7f61f04befd0>>
 Nguyen-5'_23_44,None,tensor(0.),<bound method Expression.r2 of <Expression.Expression object at 0x7f61f04be3a0>>
 Nguyen-5'_23_45,None,tensor(0.),<bound method Expression.r2 of <Expression.Expression object at 0x7f61f04be880>>
 Nguyen-5'_23_46,None,tensor(0.),<bound method Expression.r2 of <Expression.Expression object at 0x7f62781849a0>>
 Nguyen-5'_23_47,7*log(x),tensor(0.),0
 Nguyen-5'_23_48,x**2*(x**3 + x)**2,tensor(0.0604),-240.7603656288307
 Nguyen-5'_23_49,None,tensor(0.),<bound method Expression.r2 of <Expression.Expression object at 0x7f62301f1c40>>
 Nguyen-5'_23_50,None,tensor(0.),<bound method Expression.r2 of <Expression.Expression object at 0x7f62301f1a30>>
 Nguyen-5'_23_51,None,tensor(0.),<bound method Expression.r2 of <Expression.Expression object at 0x7f62301f15b0>>
 Nguyen-5'_23_52,None,tensor(0.),<bound method Expression.r2 of <Expression.Expression object at 0x7f61f03a0f10>>
 Nguyen-5'_23_53,-3*x**2 + x,tensor(0.1032),-74.46385888978328
 Nguyen-5'_23_54,x*(x + cos(x)) + x,tensor(0.0672),-191.9810077677246
 Nguyen-5'_23_55,log(x + 3),tensor(0.0542),-303.3410087415487
 Nguyen-5'_23_56,4*x*log(x) + x,tensor(0.),0
 Nguyen-5'_23_57,None,tensor(0.),<bound method Expression.r2 of <Expression.Expression object at 0x7f62280f5af0>>
 Nguyen-5'_23_58,1/(4 - x),tensor(0.0744),-153.72473854195067
 Nguyen-5'_23_59,x**2/2 + asinh(x),tensor(0.0764),-145.00838628171945
 Nguyen-5'_23_60,None,tensor(0.),<bound method Expression.r2 of <Expression.Expression object at 0x7f627803d3d0>>
 Nguyen-5'_23_61,None,tensor(0.),<bound method Expression.r2 of <Expression.Expression object at 0x7f62301f1b80>>
 Nguyen-5'_23_62,None,tensor(0.),<bound method Expression.r2 of <Expression.Expression object at 0x7f622810d1f0>>
 Nguyen-5'_23_63,None,tensor(0.),<bound method Expression.r2 of <Expression.Expression object at 0x7f61f0453280>>
 Nguyen-5'_23_64,None,tensor(0.),<bound method Expression.r2 of <Expression.Expression object at 0x7f6270105820>>
 Nguyen-5'_23_65,None,tensor(0.),<bound method Expression.r2 of <Expression.Expression object at 0x7f62701749d0>>
 Nguyen-5'_23_66,None,tensor(0.),<bound method Expression.r2 of <Expression.Expression object at 0x7f61f05ed370>>
 Nguyen-5'_23_67,None,tensor(0.),<bound method Expression.r2 of <Expression.Expression object at 0x7f62280f5d60>>
 Nguyen-5'_23_68,None,tensor(0.),<bound method Expression.r2 of <Expression.Expression object at 0x7f623008b520>>
 Nguyen-5'_23_69,None,tensor(0.),<bound method Expression.r2 of <Expression.Expression object at 0x7f62701c8cd0>>
 Nguyen-5'_23_70,None,tensor(0.),<bound method Expression.r2 of <Expression.Expression object at 0x7f62701c85e0>>
 Nguyen-5'_23_71,-exp(x + 4),tensor(0.0023),-182208.66791552756
 Nguyen-5'_23_72,None,tensor(0.),<bound method Expression.r2 of <Expression.Expression object at 0x7f62300f0220>>
 Nguyen-5'_23_73,3*x + 6,tensor(0.0204),-2300.3926166195884
 Nguyen-5'_23_74,None,tensor(0.),<bound method Expression.r2 of <Expression.Expression object at 0x7f61f0297d00>>
 Nguyen-5'_23_75,x - cos(x),tensor(0.1334),-41.202427187248155
 Nguyen-5'_23_76,4*x + exp(x),tensor(0.0389),-609.7890608479904
 Nguyen-5'_23_77,None,tensor(0.),<bound method Expression.r2 of <Expression.Expression object at 0x7f61f042b370>>
 Nguyen-5'_23_78,None,tensor(0.),<bound method Expression.r2 of <Expression.Expression object at 0x7f61f0453b50>>
 Nguyen-5'_23_79,None,tensor(0.),<bound method Expression.r2 of <Expression.Expression object at 0x7f61f05d4a00>>
 Nguyen-5'_23_80,None,tensor(0.),<bound method Expression.r2 of <Expression.Expression object at 0x7f61f0394070>>
 Nguyen-5'_23_81,None,tensor(0.),<bound method Expression.r2 of <Expression.Expression object at 0x7f61f0394ac0>>
 Nguyen-5'_23_82,None,tensor(0.),<bound method Expression.r2 of <Expression.Expression object at 0x7f62701e5fd0>>
 Nguyen-5'_23_83,None,tensor(0.),<bound method Expression.r2 of <Expression.Expression object at 0x7f62701e5880>>
 Nguyen-5'_23_84,None,tensor(0.),<bound method Expression.r2 of <Expression.Expression object at 0x7f62701e5160>>
 Nguyen-5'_23_85,x*(x**4 + x),tensor(0.0714),-168.1040313141855
 Nguyen-5'_23_86,None,tensor(0.),<bound method Expression.r2 of <Expression.Expression object at 0x7f62301af0d0>>
 Nguyen-5'_23_87,2*x**3/3,tensor(0.0843),-117.0172859103184
 Nguyen-5'_23_88,None,tensor(0.),<bound method Expression.r2 of <Expression.Expression object at 0x7f627012d100>>
 Nguyen-5'_23_89,None,tensor(0.),<bound method Expression.r2 of <Expression.Expression object at 0x7f62301afaf0>>
 Nguyen-5'_23_90,None,tensor(0.),<bound method Expression.r2 of <Expression.Expression object at 0x7f62301afa00>>
 Nguyen-5'_23_91,None,tensor(0.),<bound method Expression.r2 of <Expression.Expression object at 0x7f62301af0a0>>
 Nguyen-5'_23_92,None,tensor(0.),<bound method Expression.r2 of <Expression.Expression object at 0x7f62301af760>>
 Nguyen-5'_23_93,16*x**3 + x,tensor(0.0232),-1771.3933612752016
 Nguyen-5'_23_94,None,tensor(0.),<bound method Expression.r2 of <Expression.Expression object at 0x7f61f03ec3a0>>
 Nguyen-5'_23_95,None,tensor(0.),<bound method Expression.r2 of <Expression.Expression object at 0x7f61f03ecc40>>
 Nguyen-5'_23_96,None,tensor(0.),<bound method Expression.r2 of <Expression.Expression object at 0x7f61f03ec0a0>>
 Nguyen-5'_23_97,x*(x + 5),tensor(0.0448),-453.7870032371668
 Nguyen-5'_23_98,None,tensor(0.),<bound method Expression.r2 of <Expression.Expression object at 0x7f627817ba90>>
 Nguyen-5'_23_99,3/(2*x),tensor(0.0074),-18144.242000640563
 Nguyen-5'_23_100,None,tensor(0.),<bound method Expression.r2 of <Expression.Expression object at 0x7f61f0541dc0>>
 Nguyen-5'_23_101,None,tensor(0.),<bound method Expression.r2 of <Expression.Expression object at 0x7f6228087790>>
 Nguyen-5'_23_102,sin(x) + cos(x),tensor(0.0584),-259.03875768885496
 Nguyen-5'_23_103,-log(cos(x)),tensor(0.0765),-144.8545478998
 Nguyen-5'_23_104,x**3/3 + x,tensor(0.0808),-128.31536648903733
 Nguyen-5'_23_105,None,tensor(0.),<bound method Expression.r2 of <Expression.Expression object at 0x7f62780fec70>>
 Nguyen-5'_23_106,None,tensor(0.),<bound method Expression.r2 of <Expression.Expression object at 0x7f62780fe610>>
 Nguyen-5'_23_107,None,tensor(0.),<bound method Expression.r2 of <Expression.Expression object at 0x7f6230082460>>
 Nguyen-5'_23_108,x + sin(x - 2),tensor(0.1352),-39.91799396086074
 Nguyen-5'_23_109,tan(x + 2),tensor(0.0093),-11379.49002804135
 Nguyen-5'_23_110,None,tensor(0.),<bound method Expression.r2 of <Expression.Expression object at 0x7f6230154550>>
 Nguyen-5'_23_111,3*exp(2*x),tensor(0.0183),-2887.867461918775
 Nguyen-5'_23_112,None,tensor(0.),<bound method Expression.r2 of <Expression.Expression object at 0x7f6278068580>>
 Nguyen-5'_23_113,None,tensor(0.),<bound method Expression.r2 of <Expression.Expression object at 0x7f62280872b0>>
 Nguyen-5'_23_114,-3*sinh(x),tensor(0.0555),-289.0195398767446
 Nguyen-5'_23_115,(x + 2*log(x))**2,tensor(0.),0
 Nguyen-5'_23_116,x*(cos(x) + 5),tensor(0.0422),-515.1670913272031
 Nguyen-5'_23_117,None,tensor(0.),<bound method Expression.r2 of <Expression.Expression object at 0x7f6278184760>>
 Nguyen-5'_23_118,-x + acos(x),tensor(0.0421),-515.6212699446185
 Nguyen-5'_23_119,None,tensor(0.),<bound method Expression.r2 of <Expression.Expression object at 0x7f61eb087940>>
 Nguyen-5'_23_120,None,tensor(0.),<bound method Expression.r2 of <Expression.Expression object at 0x7f62281da5e0>>
 Nguyen-5'_23_121,None,tensor(0.),<bound method Expression.r2 of <Expression.Expression object at 0x7f627803d370>>
 Nguyen-5'_23_122,None,tensor(0.),<bound method Expression.r2 of <Expression.Expression object at 0x7f62701e5b80>>
 Nguyen-5'_23_123,None,tensor(0.),<bound method Expression.r2 of <Expression.Expression object at 0x7f62701a3a60>>
 Nguyen-5'_23_124,8/3,tensor(0.),0
 Nguyen-5'_23_125,3*sqrt(x) + x,tensor(0.),0
 Nguyen-5'_23_126,None,tensor(0.),<bound method Expression.r2 of <Expression.Expression object at 0x7f61f05ede20>>
 Nguyen-5'_23_127,x*(x**2 + x),tensor(0.0714),-168.31339805682515
 Nguyen-5'_24_0,None,tensor(0.),<bound method Expression.r2 of <Expression.Expression object at 0x7f61e80eab80>>
 Nguyen-5'_24_1,None,tensor(0.),<bound method Expression.r2 of <Expression.Expression object at 0x7f61eb1f3100>>
 Nguyen-5'_24_2,None,tensor(0.),<bound method Expression.r2 of <Expression.Expression object at 0x7f62701ae910>>
 Nguyen-5'_24_3,x - exp(x),tensor(0.1966),-15.702024132248258
 Nguyen-5'_24_4,9*x**2 + 2*x,tensor(0.0286),-1151.0428383873327
 Nguyen-5'_24_5,None,tensor(0.),<bound method Expression.r2 of <Expression.Expression object at 0x7f61f04a2fa0>>
 Nguyen-5'_24_6,None,tensor(0.),<bound method Expression.r2 of <Expression.Expression object at 0x7f62781cf460>>
 Nguyen-5'_24_7,x*(x + sin(x))**3,tensor(0.0436),-479.3984040178487
 Nguyen-5'_24_8,None,tensor(0.),<bound method Expression.r2 of <Expression.Expression object at 0x7f6228087a90>>
 Nguyen-5'_24_9,None,tensor(0.),<bound method Expression.r2 of <Expression.Expression object at 0x7f62701ae6a0>>
 Nguyen-5'_24_10,None,tensor(0.),<bound method Expression.r2 of <Expression.Expression object at 0x7f62701ae760>>
 Nguyen-5'_24_11,tan(3*x)/3,tensor(0.0263),-1368.5800657950492
 Nguyen-5'_24_12,None,tensor(0.),<bound method Expression.r2 of <Expression.Expression object at 0x7f6228054e20>>
 Nguyen-5'_24_13,None,tensor(0.),<bound method Expression.r2 of <Expression.Expression object at 0x7f623017d700>>
 Nguyen-5'_24_14,2*x + sin(x),tensor(0.0644),-209.91795870975488
 Nguyen-5'_24_15,x**2*(x + exp(x)),tensor(0.0659),-200.11535859806835
 Nguyen-5'_24_16,2*x*exp(-x),tensor(0.0740),-155.7039956026288
 Nguyen-5'_24_17,x*log(x) - x,tensor(0.),0
 Nguyen-5'_24_18,61*x**3,tensor(0.0068),-21120.996912792903
 Nguyen-5'_24_19,None,tensor(0.),<bound method Expression.r2 of <Expression.Expression object at 0x7f61f0285940>>
 Nguyen-5'_24_20,5/2,tensor(0.),0
 Nguyen-5'_24_21,None,tensor(0.),<bound method Expression.r2 of <Expression.Expression object at 0x7f62701a3670>>
 Nguyen-5'_24_22,None,tensor(0.),<bound method Expression.r2 of <Expression.Expression object at 0x7f62781925b0>>
 Nguyen-5'_24_23,None,tensor(0.),<bound method Expression.r2 of <Expression.Expression object at 0x7f6228038100>>
 Nguyen-5'_24_24,None,tensor(0.),<bound method Expression.r2 of <Expression.Expression object at 0x7f6270197880>>
 Nguyen-5'_24_25,None,tensor(0.),<bound method Expression.r2 of <Expression.Expression object at 0x7f62701977c0>>
 Nguyen-5'_24_26,-x - acos(x),tensor(0.3683),-1.9407196571466878
 Nguyen-5'_24_27,None,tensor(0.),<bound method Expression.r2 of <Expression.Expression object at 0x7f61f056eca0>>
 Nguyen-5'_24_28,None,tensor(0.),<bound method Expression.r2 of <Expression.Expression object at 0x7f62301f0550>>
 Nguyen-5'_24_29,None,tensor(0.),<bound method Expression.r2 of <Expression.Expression object at 0x7f623013b1f0>>
 Nguyen-5'_24_30,x**4 - x,tensor(0.0710),-170.41275877210745
 Nguyen-5'_24_31,None,tensor(0.),<bound method Expression.r2 of <Expression.Expression object at 0x7f61f04c2b20>>
 Nguyen-5'_24_32,2*x**2/15,tensor(0.0822),-123.61977203897194
 Nguyen-5'_24_33,x*log(9),tensor(0.0717),-166.6162249316807
 Nguyen-5'_24_34,None,tensor(0.),<bound method Expression.r2 of <Expression.Expression object at 0x7f61f04dec10>>
 Nguyen-5'_24_35,None,tensor(0.),<bound method Expression.r2 of <Expression.Expression object at 0x7f62701c7af0>>
 Nguyen-5'_24_36,None,tensor(0.),<bound method Expression.r2 of <Expression.Expression object at 0x7f627007ac70>>
 Nguyen-5'_24_37,2*x + sin(x),tensor(0.0644),-209.91795870975488
 Nguyen-5'_24_38,None,tensor(0.),<bound method Expression.r2 of <Expression.Expression object at 0x7f62780d7400>>
 Nguyen-5'_24_39,sinh(2*x)/2,tensor(0.0787),-136.10792200909157
 Nguyen-5'_24_40,x*(x + sin(x))**3,tensor(0.0436),-479.3984040178487
 Nguyen-5'_24_41,sinh(x + 3),tensor(0.0110),-8020.909884225362
 Nguyen-5'_24_42,None,tensor(0.),<bound method Expression.r2 of <Expression.Expression object at 0x7f6270197340>>
 Nguyen-5'_24_43,4*x**3/9,tensor(0.0844),-116.66139746992809
 Nguyen-5'_24_44,sinh(2)/x,tensor(0.0031),-106275.05817039934
 Nguyen-5'_24_45,None,tensor(0.),<bound method Expression.r2 of <Expression.Expression object at 0x7f61f036fa60>>
 Nguyen-5'_24_46,x - 1/2,tensor(0.1069),-68.84720570819414
 Nguyen-5'_24_47,None,tensor(0.),<bound method Expression.r2 of <Expression.Expression object at 0x7f62701f25b0>>
 Nguyen-5'_24_48,None,tensor(0.),<bound method Expression.r2 of <Expression.Expression object at 0x7f62701305b0>>
 Nguyen-5'_24_49,None,tensor(0.),<bound method Expression.r2 of <Expression.Expression object at 0x7f623017db50>>
 Nguyen-5'_24_50,None,tensor(0.),<bound method Expression.r2 of <Expression.Expression object at 0x7f623017d970>>
 Nguyen-5'_24_51,None,tensor(0.),<bound method Expression.r2 of <Expression.Expression object at 0x7f623017d1f0>>
 Nguyen-5'_24_52,None,tensor(0.),<bound method Expression.r2 of <Expression.Expression object at 0x7f623017d7f0>>
 Nguyen-5'_24_53,None,tensor(0.),<bound method Expression.r2 of <Expression.Expression object at 0x7f623017dbe0>>
 Nguyen-5'_24_54,None,tensor(0.),<bound method Expression.r2 of <Expression.Expression object at 0x7f623017d610>>
 Nguyen-5'_24_55,None,tensor(0.),<bound method Expression.r2 of <Expression.Expression object at 0x7f623017d880>>
 Nguyen-5'_24_56,None,tensor(0.),<bound method Expression.r2 of <Expression.Expression object at 0x7f623017d2b0>>
 Nguyen-5'_24_57,None,tensor(0.),<bound method Expression.r2 of <Expression.Expression object at 0x7f623017dbb0>>
 Nguyen-5'_24_58,None,tensor(0.),<bound method Expression.r2 of <Expression.Expression object at 0x7f623017deb0>>
 Nguyen-5'_24_59,None,tensor(0.),<bound method Expression.r2 of <Expression.Expression object at 0x7f61eb09b760>>
 Nguyen-5'_24_60,x/(x**2 + 1),tensor(0.0837),-118.97634014763653
 Nguyen-5'_24_61,None,tensor(0.),<bound method Expression.r2 of <Expression.Expression object at 0x7f62701c8af0>>
 Nguyen-5'_24_62,None,tensor(0.),<bound method Expression.r2 of <Expression.Expression object at 0x7f623003db50>>
 Nguyen-5'_24_63,x*(sqrt(x) + x),tensor(0.),0
 Nguyen-5'_24_64,None,tensor(0.),<bound method Expression.r2 of <Expression.Expression object at 0x7f62301f0250>>
 Nguyen-5'_24_65,None,tensor(0.),<bound method Expression.r2 of <Expression.Expression object at 0x7f62701aecd0>>
 Nguyen-5'_24_66,x*exp(-x),tensor(0.0912),-98.22745764997316
 Nguyen-5'_24_67,1/(x*(x + 8)),tensor(0.0625),-223.76165325041845
 Nguyen-5'_24_68,2*x + tan(x),tensor(0.0607),-238.80783619217462
 Nguyen-5'_24_69,x**2 + sin(sqrt(x)),tensor(0.),0
 Nguyen-5'_24_70,None,tensor(0.),<bound method Expression.r2 of <Expression.Expression object at 0x7f61f0573ca0>>
 Nguyen-5'_24_71,None,tensor(0.),<bound method Expression.r2 of <Expression.Expression object at 0x7f61f0283580>>
 Nguyen-5'_24_72,log(cosh(x)),tensor(0.0778),-139.340184376979
 Nguyen-5'_24_73,2*sin(2),tensor(0.),0
 Nguyen-5'_24_74,None,tensor(0.),<bound method Expression.r2 of <Expression.Expression object at 0x7f61eb09b190>>
 Nguyen-5'_24_75,4*x*(x**2 + x),tensor(0.0445),-460.6390593185341
 Nguyen-5'_24_76,None,tensor(0.),<bound method Expression.r2 of <Expression.Expression object at 0x7f62280f5fd0>>
 Nguyen-5'_24_77,None,tensor(0.),<bound method Expression.r2 of <Expression.Expression object at 0x7f61eb09b1f0>>
 Nguyen-5'_24_78,None,tensor(0.),<bound method Expression.r2 of <Expression.Expression object at 0x7f61eb09be20>>
 Nguyen-5'_24_79,None,tensor(0.),<bound method Expression.r2 of <Expression.Expression object at 0x7f61eb09bd30>>
 Nguyen-5'_24_80,x**4*sinh(4),tensor(0.0154),-4082.2983840028255
 Nguyen-5'_24_81,16*x**2,tensor(0.0183),-2886.6321845949433
 Nguyen-5'_24_82,None,tensor(0.),<bound method Expression.r2 of <Expression.Expression object at 0x7f6228054d60>>
 Nguyen-5'_24_83,None,tensor(0.),<bound method Expression.r2 of <Expression.Expression object at 0x7f6228054340>>
 Nguyen-5'_24_84,None,tensor(0.),<bound method Expression.r2 of <Expression.Expression object at 0x7f6228054700>>
 Nguyen-5'_24_85,None,tensor(0.),<bound method Expression.r2 of <Expression.Expression object at 0x7f6228054d90>>
 Nguyen-5'_24_86,None,tensor(0.),<bound method Expression.r2 of <Expression.Expression object at 0x7f62280547c0>>
 Nguyen-5'_24_87,None,tensor(0.),<bound method Expression.r2 of <Expression.Expression object at 0x7f6228054b50>>
 Nguyen-5'_24_88,2*x**2/sin(x),tensor(0.0715),-167.71713227819518
 Nguyen-5'_24_89,None,tensor(0.),<bound method Expression.r2 of <Expression.Expression object at 0x7f61f03a9220>>
 Nguyen-5'_24_90,None,tensor(0.),<bound method Expression.r2 of <Expression.Expression object at 0x7f61f03a9e80>>
 Nguyen-5'_24_91,None,tensor(0.),<bound method Expression.r2 of <Expression.Expression object at 0x7f61f03a9a00>>
 Nguyen-5'_24_92,None,tensor(0.),<bound method Expression.r2 of <Expression.Expression object at 0x7f61f03a9910>>
 Nguyen-5'_24_93,None,tensor(0.),<bound method Expression.r2 of <Expression.Expression object at 0x7f61f03a9250>>
 Nguyen-5'_24_94,3*x**2 + 3*x,tensor(0.0479),-393.64749165368505
 Nguyen-5'_24_95,atan(x/3),tensor(0.0844),-116.73530901985403
 Nguyen-5'_24_96,None,tensor(0.),<bound method Expression.r2 of <Expression.Expression object at 0x7f6278187d90>>
 Nguyen-5'_24_97,None,tensor(0.),<bound method Expression.r2 of <Expression.Expression object at 0x7f62701b4e20>>
 Nguyen-5'_24_98,None,tensor(0.),<bound method Expression.r2 of <Expression.Expression object at 0x7f62701b4b80>>
 Nguyen-5'_24_99,None,tensor(0.),<bound method Expression.r2 of <Expression.Expression object at 0x7f62701b4670>>
 Nguyen-5'_24_100,None,tensor(0.),<bound method Expression.r2 of <Expression.Expression object at 0x7f62701b4dc0>>
 Nguyen-5'_24_101,None,tensor(0.),<bound method Expression.r2 of <Expression.Expression object at 0x7f61f04754c0>>
 Nguyen-5'_24_102,None,tensor(0.),<bound method Expression.r2 of <Expression.Expression object at 0x7f61f04753d0>>
 Nguyen-5'_24_103,None,tensor(0.),<bound method Expression.r2 of <Expression.Expression object at 0x7f61f0475fa0>>
 Nguyen-5'_24_104,None,tensor(0.),<bound method Expression.r2 of <Expression.Expression object at 0x7f61f0475c70>>
 Nguyen-5'_24_105,None,tensor(0.),<bound method Expression.r2 of <Expression.Expression object at 0x7f61f0475820>>
 Nguyen-5'_24_106,None,tensor(0.),<bound method Expression.r2 of <Expression.Expression object at 0x7f61f04757c0>>
 Nguyen-5'_24_107,None,tensor(0.),<bound method Expression.r2 of <Expression.Expression object at 0x7f61f0475970>>
 Nguyen-5'_24_108,x**3/3 - 4*x,tensor(0.0515),-338.4436417991481
 Nguyen-5'_24_109,x + sqrt(x + 1),tensor(0.0551),-292.71504694946844
 Nguyen-5'_24_110,atan(3*x),tensor(0.0773),-141.63994321800163
 Nguyen-5'_24_111,x**2*(x + 1) + x,tensor(0.0679),-187.6994349839121
 Nguyen-5'_24_112,None,tensor(0.),<bound method Expression.r2 of <Expression.Expression object at 0x7f627012d880>>
 Nguyen-5'_24_113,8*x + 5/2,tensor(0.0260),-1398.7301161340247
 Nguyen-5'_24_114,-log(cos(x)) + sin(x),tensor(0.0758),-147.8668793431071
 Nguyen-5'_24_115,None,tensor(0.),<bound method Expression.r2 of <Expression.Expression object at 0x7f62780d71c0>>
 Nguyen-5'_24_116,6*x**2,tensor(0.0371),-671.0277076851472
 Nguyen-5'_24_117,None,tensor(0.),<bound method Expression.r2 of <Expression.Expression object at 0x7f6230182af0>>
 Nguyen-5'_24_118,None,tensor(0.),<bound method Expression.r2 of <Expression.Expression object at 0x7f6270118df0>>
 Nguyen-5'_24_119,x*(x**3 + 3*x),tensor(0.0484),-385.9872088639501
 Nguyen-5'_24_120,None,tensor(0.),<bound method Expression.r2 of <Expression.Expression object at 0x7f62701a9280>>
 Nguyen-5'_24_121,x**(4/3)/4,tensor(0.),0
 Nguyen-5'_24_122,exp(4*x),tensor(0.0117),-7131.724325280235
 Nguyen-5'_24_123,None,tensor(0.),<bound method Expression.r2 of <Expression.Expression object at 0x7f6230182460>>
 Nguyen-5'_24_124,None,tensor(0.),<bound method Expression.r2 of <Expression.Expression object at 0x7f62701743d0>>
 Nguyen-5'_24_125,None,tensor(0.),<bound method Expression.r2 of <Expression.Expression object at 0x7f6270174fd0>>
 Nguyen-5'_24_126,None,tensor(0.),<bound method Expression.r2 of <Expression.Expression object at 0x7f61f0541e80>>
 Nguyen-5'_24_127,None,tensor(0.),<bound method Expression.r2 of <Expression.Expression object at 0x7f61f0541880>>
 Nguyen-5'_25_0,None,tensor(0.),<bound method Expression.r2 of <Expression.Expression object at 0x7f62780e9340>>
 Nguyen-5'_25_1,None,tensor(0.),<bound method Expression.r2 of <Expression.Expression object at 0x7f6278097a60>>
 Nguyen-5'_25_2,None,tensor(0.),<bound method Expression.r2 of <Expression.Expression object at 0x7f61f0453760>>
 Nguyen-5'_25_3,x + exp(x) + 1,tensor(0.0388),-611.3727049702347
 Nguyen-5'_25_4,2*x + 5,tensor(0.0235),-1726.426964231671
 Nguyen-5'_25_5,None,tensor(0.),<bound method Expression.r2 of <Expression.Expression object at 0x7f61f036bc10>>
 Nguyen-5'_25_6,None,tensor(0.),<bound method Expression.r2 of <Expression.Expression object at 0x7f6230125ac0>>
 Nguyen-5'_25_7,None,tensor(0.),<bound method Expression.r2 of <Expression.Expression object at 0x7f627803dac0>>
 Nguyen-5'_25_8,-x + tan(x),tensor(0.0844),-116.78516832705327
 Nguyen-5'_25_9,x**2 - x - 1,tensor(0.1088),-66.08629974409473
 Nguyen-5'_25_10,x*(x**2 + 1),tensor(0.0774),-141.00831574420968
 Nguyen-5'_25_11,None,tensor(0.),<bound method Expression.r2 of <Expression.Expression object at 0x7f61f04752e0>>
 Nguyen-5'_25_12,None,tensor(0.),<bound method Expression.r2 of <Expression.Expression object at 0x7f61f0475400>>
 Nguyen-5'_25_13,x*exp(x + 3),tensor(0.0088),-12655.668361536056
 Nguyen-5'_25_14,x**3,tensor(0.0838),-118.61084566884684
 Nguyen-5'_25_15,x**2 + x + 4,tensor(0.0260),-1402.1085583050458
 Nguyen-5'_25_16,None,tensor(0.),<bound method Expression.r2 of <Expression.Expression object at 0x7f61f04f5580>>
 Nguyen-5'_25_17,None,tensor(0.),<bound method Expression.r2 of <Expression.Expression object at 0x7f61f04f5190>>
 Nguyen-5'_25_18,None,tensor(0.),<bound method Expression.r2 of <Expression.Expression object at 0x7f61f04f5910>>
 Nguyen-5'_25_19,2*x + acos(x),tensor(0.0465),-418.5936381387587
 Nguyen-5'_25_20,None,tensor(0.),<bound method Expression.r2 of <Expression.Expression object at 0x7f61f04a2490>>
 Nguyen-5'_25_21,None,tensor(0.),<bound method Expression.r2 of <Expression.Expression object at 0x7f61f0573cd0>>
 Nguyen-5'_25_22,None,tensor(0.),<bound method Expression.r2 of <Expression.Expression object at 0x7f61f0573af0>>
 Nguyen-5'_25_23,-log(x + 1)/4,tensor(0.0796),-132.66721096824185
 Nguyen-5'_25_24,None,tensor(0.),<bound method Expression.r2 of <Expression.Expression object at 0x7f62781d4c70>>
 Nguyen-5'_25_25,None,tensor(0.),<bound method Expression.r2 of <Expression.Expression object at 0x7f627011f580>>
 Nguyen-5'_25_26,-x*sinh(x),tensor(0.1002),-79.67779520777438
 Nguyen-5'_25_27,None,tensor(0.),<bound method Expression.r2 of <Expression.Expression object at 0x7f62780d7730>>
 Nguyen-5'_25_28,None,tensor(0.),<bound method Expression.r2 of <Expression.Expression object at 0x7f61f04a25b0>>
 Nguyen-5'_25_29,log(x)/4,tensor(0.),0
 Nguyen-5'_25_30,-3*x**2 - 2*x,tensor(0.0870),-109.1357448022304
 Nguyen-5'_25_31,None,tensor(0.),<bound method Expression.r2 of <Expression.Expression object at 0x7f61f02158e0>>
 Nguyen-5'_25_32,None,tensor(0.),<bound method Expression.r2 of <Expression.Expression object at 0x7f61f036f400>>
 Nguyen-5'_25_33,x + cos(4*x),tensor(0.0820),-124.31678528949605
 Nguyen-5'_25_34,cos(x + 4),tensor(0.1150),-58.2782824705357
 Nguyen-5'_25_35,None,tensor(0.),<bound method Expression.r2 of <Expression.Expression object at 0x7f62301f0790>>
 Nguyen-5'_25_36,x*(log(x) + 5),tensor(0.),0
 Nguyen-5'_25_37,None,tensor(0.),<bound method Expression.r2 of <Expression.Expression object at 0x7f623008b460>>
 Nguyen-5'_25_38,exp(x) + log(x),tensor(0.),0
 Nguyen-5'_25_39,None,tensor(0.),<bound method Expression.r2 of <Expression.Expression object at 0x7f6228123070>>
 Nguyen-5'_25_40,None,tensor(0.),<bound method Expression.r2 of <Expression.Expression object at 0x7f62781872e0>>
 Nguyen-5'_25_41,tan(x),tensor(0.0802),-130.6365795078914
 Nguyen-5'_25_42,None,tensor(0.),<bound method Expression.r2 of <Expression.Expression object at 0x7f627817b5e0>>
 Nguyen-5'_25_43,None,tensor(0.),<bound method Expression.r2 of <Expression.Expression object at 0x7f62701a9610>>
 Nguyen-5'_25_44,None,tensor(0.),<bound method Expression.r2 of <Expression.Expression object at 0x7f6230192520>>
 Nguyen-5'_25_45,None,tensor(0.),<bound method Expression.r2 of <Expression.Expression object at 0x7f61f036f160>>
 Nguyen-5'_25_46,None,tensor(0.),<bound method Expression.r2 of <Expression.Expression object at 0x7f62281f46d0>>
 Nguyen-5'_25_47,x**2*sin(3)**2,tensor(0.0838),-118.51929947662686
 Nguyen-5'_25_48,None,tensor(0.),<bound method Expression.r2 of <Expression.Expression object at 0x7f6270177f70>>
 Nguyen-5'_25_49,None,tensor(0.),<bound method Expression.r2 of <Expression.Expression object at 0x7f62301bab20>>
 Nguyen-5'_25_50,None,tensor(0.),<bound method Expression.r2 of <Expression.Expression object at 0x7f627011f880>>
 Nguyen-5'_25_51,None,tensor(0.),<bound method Expression.r2 of <Expression.Expression object at 0x7f62780689d0>>
 Nguyen-5'_25_52,None,tensor(0.),<bound method Expression.r2 of <Expression.Expression object at 0x7f62780688b0>>
 Nguyen-5'_25_53,2*(x**5 + x)/x,tensor(0.0372),-669.7745011370702
 Nguyen-5'_25_54,None,tensor(0.),<bound method Expression.r2 of <Expression.Expression object at 0x7f61f04f5790>>
 Nguyen-5'_25_55,x + cos(x) + 1,tensor(0.0432),-490.29895530130136
 Nguyen-5'_25_56,x*(x + 3) + x,tensor(0.0511),-343.27597393007443
 Nguyen-5'_25_57,x*(x + sin(4)),tensor(0.0683),-184.85439905813584
 Nguyen-5'_25_58,None,tensor(0.),<bound method Expression.r2 of <Expression.Expression object at 0x7f623017d4f0>>
 Nguyen-5'_25_59,None,tensor(0.),<bound method Expression.r2 of <Expression.Expression object at 0x7f61f03a97f0>>
 Nguyen-5'_25_60,sin(4*x)/24,tensor(0.0841),-117.68894248414192
 Nguyen-5'_25_61,None,tensor(0.),<bound method Expression.r2 of <Expression.Expression object at 0x7f62b84b7910>>
 Nguyen-5'_25_62,None,tensor(0.),<bound method Expression.r2 of <Expression.Expression object at 0x7f62281f4e20>>
 Nguyen-5'_25_63,None,tensor(0.),<bound method Expression.r2 of <Expression.Expression object at 0x7f61f05d47c0>>
 Nguyen-5'_25_64,(x + 1)*exp(x),tensor(0.0443),-463.94616086185255
 Nguyen-5'_25_65,x*cos(sin(x)) + cos(x),tensor(0.0585),-257.65281857944177
 Nguyen-5'_25_66,5*x**3 - 3*x,tensor(0.0785),-136.6734369561275
 Nguyen-5'_25_67,3*x**2/2 + 3*x,tensor(0.0556),-287.0403449425081
 Nguyen-5'_25_68,None,tensor(0.),<bound method Expression.r2 of <Expression.Expression object at 0x7f627007aa00>>
 Nguyen-5'_25_69,log(x) + atan(x),tensor(0.),0
 Nguyen-5'_25_70,None,tensor(0.),<bound method Expression.r2 of <Expression.Expression object at 0x7f62301d6eb0>>
 Nguyen-5'_25_71,None,tensor(0.),<bound method Expression.r2 of <Expression.Expression object at 0x7f61eb1be940>>
 Nguyen-5'_25_72,None,tensor(0.),<bound method Expression.r2 of <Expression.Expression object at 0x7f61f03a9af0>>
 Nguyen-5'_25_73,None,tensor(0.),<bound method Expression.r2 of <Expression.Expression object at 0x7f61f03a92e0>>
 Nguyen-5'_25_74,None,tensor(0.),<bound method Expression.r2 of <Expression.Expression object at 0x7f627817b550>>
 Nguyen-5'_25_75,None,tensor(0.),<bound method Expression.r2 of <Expression.Expression object at 0x7f62281f4fa0>>
 Nguyen-5'_25_76,(x**2 + 1)/x,tensor(0.0109),-8161.61944404432
 Nguyen-5'_25_77,None,tensor(0.),<bound method Expression.r2 of <Expression.Expression object at 0x7f6228179190>>
 Nguyen-5'_25_78,None,tensor(0.),<bound method Expression.r2 of <Expression.Expression object at 0x7f61f03ec640>>
 Nguyen-5'_25_79,None,tensor(0.),<bound method Expression.r2 of <Expression.Expression object at 0x7f62280f5fa0>>
 Nguyen-5'_25_80,None,tensor(0.),<bound method Expression.r2 of <Expression.Expression object at 0x7f61f0530070>>
 Nguyen-5'_25_81,None,tensor(0.),<bound method Expression.r2 of <Expression.Expression object at 0x7f6270174d60>>
 Nguyen-5'_25_82,x**2*(x + 1),tensor(0.0714),-168.31339805682515
 Nguyen-5'_25_83,None,tensor(0.),<bound method Expression.r2 of <Expression.Expression object at 0x7f61f04a2040>>
 Nguyen-5'_25_84,None,tensor(0.),<bound method Expression.r2 of <Expression.Expression object at 0x7f61f02f6dc0>>
 Nguyen-5'_25_85,sin(x) + 6,tensor(0.0206),-2262.9051787292647
 Nguyen-5'_25_86,log(2*x**4),tensor(0.0404),-564.2983626384033
 Nguyen-5'_25_87,x**2*(x**2 + 1),tensor(0.0643),-210.96876906889304
 Nguyen-5'_25_88,2 - cos(x),tensor(0.0525),-324.4169963213519
 Nguyen-5'_25_89,None,tensor(0.),<bound method Expression.r2 of <Expression.Expression object at 0x7f6270175d30>>
 Nguyen-5'_25_90,None,tensor(0.),<bound method Expression.r2 of <Expression.Expression object at 0x7f62781c4e50>>
 Nguyen-5'_25_91,acos(x),tensor(0.0447),-456.4559145684628
 Nguyen-5'_25_92,None,tensor(0.),<bound method Expression.r2 of <Expression.Expression object at 0x7f61f02a58e0>>
 Nguyen-5'_25_93,None,tensor(0.),<bound method Expression.r2 of <Expression.Expression object at 0x7f627011f3d0>>
 Nguyen-5'_25_94,None,tensor(0.),<bound method Expression.r2 of <Expression.Expression object at 0x7f62781c43a0>>
 Nguyen-5'_25_95,2*exp(2*x),tensor(0.0252),-1494.2799296759283
 Nguyen-5'_25_96,None,tensor(0.),<bound method Expression.r2 of <Expression.Expression object at 0x7f61eb09b790>>
 Nguyen-5'_25_97,None,tensor(0.),<bound method Expression.r2 of <Expression.Expression object at 0x7f62701aea30>>
 Nguyen-5'_25_98,None,tensor(0.),<bound method Expression.r2 of <Expression.Expression object at 0x7f62781c3880>>
 Nguyen-5'_25_99,x + 2,tensor(0.0415),-533.4109577035002
 Nguyen-5'_25_100,None,tensor(0.),<bound method Expression.r2 of <Expression.Expression object at 0x7f61f036ff10>>
 Nguyen-5'_25_101,None,tensor(0.),<bound method Expression.r2 of <Expression.Expression object at 0x7f61f036f4f0>>
 Nguyen-5'_25_102,None,tensor(0.),<bound method Expression.r2 of <Expression.Expression object at 0x7f61eb1f7a30>>
 Nguyen-5'_25_103,None,tensor(0.),<bound method Expression.r2 of <Expression.Expression object at 0x7f61eb1f7df0>>
 Nguyen-5'_25_104,x*(322 - x),tensor(0.0008),-1389287.8479742494
 Nguyen-5'_25_105,None,tensor(0.),<bound method Expression.r2 of <Expression.Expression object at 0x7f62781877c0>>
 Nguyen-5'_25_106,None,tensor(0.),<bound method Expression.r2 of <Expression.Expression object at 0x7f627011f1c0>>
 Nguyen-5'_25_107,None,tensor(0.),<bound method Expression.r2 of <Expression.Expression object at 0x7f627011f730>>
 Nguyen-5'_25_108,None,tensor(0.),<bound method Expression.r2 of <Expression.Expression object at 0x7f62781925e0>>
 Nguyen-5'_25_109,None,tensor(0.),<bound method Expression.r2 of <Expression.Expression object at 0x7f61f0349070>>
 Nguyen-5'_25_110,cosh(sqrt(x)),tensor(0.),0
 Nguyen-5'_25_111,None,tensor(0.),<bound method Expression.r2 of <Expression.Expression object at 0x7f61f0349310>>
 Nguyen-5'_25_112,None,tensor(0.),<bound method Expression.r2 of <Expression.Expression object at 0x7f6228054430>>
 Nguyen-5'_25_113,None,tensor(0.),<bound method Expression.r2 of <Expression.Expression object at 0x7f6228054310>>
 Nguyen-5'_25_114,None,tensor(0.),<bound method Expression.r2 of <Expression.Expression object at 0x7f6228054460>>
 Nguyen-5'_25_115,None,tensor(0.),<bound method Expression.r2 of <Expression.Expression object at 0x7f6228054e50>>
 Nguyen-5'_25_116,None,tensor(0.),<bound method Expression.r2 of <Expression.Expression object at 0x7f6228054190>>
 Nguyen-5'_25_117,None,tensor(0.),<bound method Expression.r2 of <Expression.Expression object at 0x7f6228054eb0>>
 Nguyen-5'_25_118,None,tensor(0.),<bound method Expression.r2 of <Expression.Expression object at 0x7f6228054e80>>
 Nguyen-5'_25_119,None,tensor(0.),<bound method Expression.r2 of <Expression.Expression object at 0x7f6228054760>>
 Nguyen-5'_25_120,None,tensor(0.),<bound method Expression.r2 of <Expression.Expression object at 0x7f62280541f0>>
 Nguyen-5'_25_121,None,tensor(0.),<bound method Expression.r2 of <Expression.Expression object at 0x7f6228054220>>
 Nguyen-5'_25_122,None,tensor(0.),<bound method Expression.r2 of <Expression.Expression object at 0x7f6228054ca0>>
 Nguyen-5'_25_123,-x**2 + sin(x),tensor(0.0953),-89.2120622443119
 Nguyen-5'_25_124,None,tensor(0.),<bound method Expression.r2 of <Expression.Expression object at 0x7f61f0349190>>
 Nguyen-5'_25_125,None,tensor(0.),<bound method Expression.r2 of <Expression.Expression object at 0x7f627817f430>>
 Nguyen-5'_25_126,None,tensor(0.),<bound method Expression.r2 of <Expression.Expression object at 0x7f61f02a5fd0>>
 Nguyen-5'_25_127,None,tensor(0.),<bound method Expression.r2 of <Expression.Expression object at 0x7f6228054130>>
 Nguyen-5'_26_0,None,tensor(0.),<bound method Expression.r2 of <Expression.Expression object at 0x7f627007aa60>>
 Nguyen-5'_26_1,None,tensor(0.),<bound method Expression.r2 of <Expression.Expression object at 0x7f62300f0d30>>
 Nguyen-5'_26_2,x*(2*x + 10),tensor(0.0256),-1446.5510304509141
 Nguyen-5'_26_3,None,tensor(0.),<bound method Expression.r2 of <Expression.Expression object at 0x7f61f046ce20>>
 Nguyen-5'_26_4,-x**2/2 + x,tensor(0.0883),-105.53706864841853
 Nguyen-5'_26_5,None,tensor(0.),<bound method Expression.r2 of <Expression.Expression object at 0x7f62280d1fa0>>
 Nguyen-5'_26_6,None,tensor(0.),<bound method Expression.r2 of <Expression.Expression object at 0x7f62780686d0>>
 Nguyen-5'_26_7,2*x*acos(x),tensor(0.0665),-196.36217508040951
 Nguyen-5'_26_8,exp(x + 4),tensor(0.0022),-198422.00538973065
 Nguyen-5'_26_9,x*cos(x + 5),tensor(0.0730),-160.14374960596646
 Nguyen-5'_26_10,x/2 + log(2*x),tensor(0.),0
 Nguyen-5'_26_11,None,tensor(0.),<bound method Expression.r2 of <Expression.Expression object at 0x7f61eb1f3940>>
 Nguyen-5'_26_12,x/(x + 5),tensor(0.0850),-114.98112677937283
 Nguyen-5'_26_13,-x*(x + 1),tensor(0.0907),-99.57681176548881
 Nguyen-5'_26_14,x*exp(-2),tensor(0.0843),-116.91908949415175
 Nguyen-5'_26_15,x**4*asinh(x)**3,tensor(0.0843),-117.10737846977355
 Nguyen-5'_26_16,atan(7*x/2),tensor(0.0763),-145.37943153270868
 Nguyen-5'_26_17,None,tensor(0.),<bound method Expression.r2 of <Expression.Expression object at 0x7f62281f0a60>>
 Nguyen-5'_26_18,2*x + exp(-2*x),tensor(0.0410),-546.5197988773934
 Nguyen-5'_26_19,None,tensor(0.),<bound method Expression.r2 of <Expression.Expression object at 0x7f6230154190>>
 Nguyen-5'_26_20,None,tensor(0.),<bound method Expression.r2 of <Expression.Expression object at 0x7f62701f27f0>>
 Nguyen-5'_26_21,None,tensor(0.),<bound method Expression.r2 of <Expression.Expression object at 0x7f61f0394d30>>
 Nguyen-5'_26_22,sin(x)**4,tensor(0.0789),-135.2138176148713
 Nguyen-5'_26_23,None,tensor(0.),<bound method Expression.r2 of <Expression.Expression object at 0x7f62301f0760>>
 Nguyen-5'_26_24,None,tensor(0.),<bound method Expression.r2 of <Expression.Expression object at 0x7f62301d6340>>
 Nguyen-5'_26_25,x - asin(x),tensor(0.0835),-119.55565022010965
 Nguyen-5'_26_26,x*exp(-4),tensor(0.0841),-117.51817322186339
 Nguyen-5'_26_27,x**2 + x*exp(-4),tensor(0.0712),-169.27780406432075
 Nguyen-5'_26_28,x/asin(3),tensor(0.),0
 Nguyen-5'_26_29,x*(sqrt(x) + 1),tensor(0.),0
 Nguyen-5'_26_30,None,tensor(0.),<bound method Expression.r2 of <Expression.Expression object at 0x7f62301f57f0>>
 Nguyen-5'_26_31,5*x*tan(x),tensor(0.0349),-764.5890096538502
 Nguyen-5'_26_32,None,tensor(0.),<bound method Expression.r2 of <Expression.Expression object at 0x7f61f04f5520>>
 Nguyen-5'_26_33,3/cos(x),tensor(0.0286),-1148.9929645564084
 Nguyen-5'_26_34,None,tensor(0.),<bound method Expression.r2 of <Expression.Expression object at 0x7f62700f4580>>
 Nguyen-5'_26_35,x*(x + 4),tensor(0.0511),-343.2759739300745
 Nguyen-5'_26_36,None,tensor(0.),<bound method Expression.r2 of <Expression.Expression object at 0x7f6278071a00>>
 Nguyen-5'_26_37,None,tensor(0.),<bound method Expression.r2 of <Expression.Expression object at 0x7f6270175ee0>>
 Nguyen-5'_26_38,None,tensor(0.),<bound method Expression.r2 of <Expression.Expression object at 0x7f62301b12b0>>
 Nguyen-5'_26_39,x + acos(x),tensor(0.0463),-424.1133706331763
 Nguyen-5'_26_40,None,tensor(0.),<bound method Expression.r2 of <Expression.Expression object at 0x7f62701f18b0>>
 Nguyen-5'_26_41,(x + 5)/x**3,tensor(2.6431e-07),-14314454171417.025
 Nguyen-5'_26_42,None,tensor(0.),<bound method Expression.r2 of <Expression.Expression object at 0x7f62280b7cd0>>
 Nguyen-5'_26_43,None,tensor(0.),<bound method Expression.r2 of <Expression.Expression object at 0x7f6270174a60>>
 Nguyen-5'_26_44,None,tensor(0.),<bound method Expression.r2 of <Expression.Expression object at 0x7f62781c4a60>>
 Nguyen-5'_26_45,None,tensor(0.),<bound method Expression.r2 of <Expression.Expression object at 0x7f62781c44f0>>
 Nguyen-5'_26_46,None,tensor(0.),<bound method Expression.r2 of <Expression.Expression object at 0x7f61f0453d90>>
 Nguyen-5'_26_47,None,tensor(0.),<bound method Expression.r2 of <Expression.Expression object at 0x7f61f046e7f0>>
 Nguyen-5'_26_48,None,tensor(0.),<bound method Expression.r2 of <Expression.Expression object at 0x7f61f046eac0>>
 Nguyen-5'_26_49,16*x,tensor(0.0168),-3436.0820239204118
 Nguyen-5'_26_50,log(4*x),tensor(0.),0
 Nguyen-5'_26_51,log(x**3),tensor(0.),0
 Nguyen-5'_26_52,None,tensor(0.),<bound method Expression.r2 of <Expression.Expression object at 0x7f61f046e3a0>>
 Nguyen-5'_26_53,None,tensor(0.),<bound method Expression.r2 of <Expression.Expression object at 0x7f61eb0b5970>>
 Nguyen-5'_26_54,None,tensor(0.),<bound method Expression.r2 of <Expression.Expression object at 0x7f61eb0b5bb0>>
 Nguyen-5'_26_55,None,tensor(0.),<bound method Expression.r2 of <Expression.Expression object at 0x7f61eb0b5d90>>
 Nguyen-5'_26_56,x*(x*cos(x)**2 + x),tensor(0.0656),-202.08036232528192
 Nguyen-5'_26_57,None,tensor(0.),<bound method Expression.r2 of <Expression.Expression object at 0x7f6270133b50>>
 Nguyen-5'_26_58,None,tensor(0.),<bound method Expression.r2 of <Expression.Expression object at 0x7f62280d1b20>>
 Nguyen-5'_26_59,x*(3*x + 1),tensor(0.0530),-318.7852228369487
 Nguyen-5'_26_60,None,tensor(0.),<bound method Expression.r2 of <Expression.Expression object at 0x7f62701e5730>>
 Nguyen-5'_26_61,None,tensor(0.),<bound method Expression.r2 of <Expression.Expression object at 0x7f6228054880>>
 Nguyen-5'_26_62,2*x**2 + sin(x),tensor(0.0609),-236.64022855787218
 Nguyen-5'_26_63,x**2*sin(3),tensor(0.0821),-123.97757053379989
 Nguyen-5'_26_64,3*x*sin(x) + x,tensor(0.0552),-291.8925325942222
 Nguyen-5'_26_65,None,tensor(0.),<bound method Expression.r2 of <Expression.Expression object at 0x7f61f01e1160>>
 Nguyen-5'_26_66,None,tensor(0.),<bound method Expression.r2 of <Expression.Expression object at 0x7f62301f16a0>>
 Nguyen-5'_26_67,x**2*exp(-1)/2,tensor(0.0815),-125.96265641403915
 Nguyen-5'_26_68,None,tensor(0.),<bound method Expression.r2 of <Expression.Expression object at 0x7f62780d6670>>
 Nguyen-5'_26_69,None,tensor(0.),<bound method Expression.r2 of <Expression.Expression object at 0x7f62301f19a0>>
 Nguyen-5'_26_70,2*x**(3/4),tensor(0.),0
 Nguyen-5'_26_71,-2*x**(3/2)/3,tensor(0.),0
 Nguyen-5'_26_72,None,tensor(0.),<bound method Expression.r2 of <Expression.Expression object at 0x7f61f0170820>>
 Nguyen-5'_26_73,None,tensor(0.),<bound method Expression.r2 of <Expression.Expression object at 0x7f61f02857f0>>
 Nguyen-5'_26_74,sin(x)*cos(x),tensor(0.0836),-119.15078942733517
 Nguyen-5'_26_75,None,tensor(0.),<bound method Expression.r2 of <Expression.Expression object at 0x7f627011fb80>>
 Nguyen-5'_26_76,None,tensor(0.),<bound method Expression.r2 of <Expression.Expression object at 0x7f61f036bd00>>
 Nguyen-5'_26_77,2*x*cos(x) + x,tensor(0.0691),-180.61886908998235
 Nguyen-5'_26_78,None,tensor(0.),<bound method Expression.r2 of <Expression.Expression object at 0x7f61f03e1f10>>
 Nguyen-5'_26_79,None,tensor(0.),<bound method Expression.r2 of <Expression.Expression object at 0x7f62280b73a0>>
 Nguyen-5'_26_80,None,tensor(0.),<bound method Expression.r2 of <Expression.Expression object at 0x7f6230125850>>
 Nguyen-5'_26_81,None,tensor(0.),<bound method Expression.r2 of <Expression.Expression object at 0x7f62781d46d0>>
 Nguyen-5'_26_82,None,tensor(0.),<bound method Expression.r2 of <Expression.Expression object at 0x7f622803fa00>>
 Nguyen-5'_26_83,None,tensor(0.),<bound method Expression.r2 of <Expression.Expression object at 0x7f62301b46d0>>
 Nguyen-5'_26_84,None,tensor(0.),<bound method Expression.r2 of <Expression.Expression object at 0x7f6228038eb0>>
 Nguyen-5'_26_85,None,tensor(0.),<bound method Expression.r2 of <Expression.Expression object at 0x7f62701c7f40>>
 Nguyen-5'_26_86,3*x*(x + 1),tensor(0.0479),-393.64749165368505
 Nguyen-5'_26_87,x*asinh(4),tensor(0.0728),-161.45159493752882
 Nguyen-5'_26_88,None,tensor(0.),<bound method Expression.r2 of <Expression.Expression object at 0x7f62701b4a00>>
 Nguyen-5'_26_89,tan(x + 5),tensor(0.0018),-322139.8143075154
 Nguyen-5'_26_90,2*x**2*cosh(x),tensor(0.0550),-294.0551035071618
 Nguyen-5'_26_91,None,tensor(0.),<bound method Expression.r2 of <Expression.Expression object at 0x7f627012d340>>
 Nguyen-5'_26_92,x*(x + exp(x)),tensor(0.0592),-251.10200373724774
 Nguyen-5'_26_93,None,tensor(0.),<bound method Expression.r2 of <Expression.Expression object at 0x7f61f036bd90>>
 Nguyen-5'_26_94,sin(x + 5),tensor(0.1443),-34.15166752853967
 Nguyen-5'_26_95,None,tensor(0.),<bound method Expression.r2 of <Expression.Expression object at 0x7f6270135130>>
 Nguyen-5'_26_96,None,tensor(0.),<bound method Expression.r2 of <Expression.Expression object at 0x7f6278192970>>
 Nguyen-5'_26_97,None,tensor(0.),<bound method Expression.r2 of <Expression.Expression object at 0x7f6278192160>>
 Nguyen-5'_26_98,None,tensor(0.),<bound method Expression.r2 of <Expression.Expression object at 0x7f61f01747f0>>
 Nguyen-5'_26_99,None,tensor(0.),<bound method Expression.r2 of <Expression.Expression object at 0x7f61f0174c70>>
 Nguyen-5'_26_100,None,tensor(0.),<bound method Expression.r2 of <Expression.Expression object at 0x7f61f01745e0>>
 Nguyen-5'_26_101,None,tensor(0.),<bound method Expression.r2 of <Expression.Expression object at 0x7f61f0174be0>>
 Nguyen-5'_26_102,None,tensor(0.),<bound method Expression.r2 of <Expression.Expression object at 0x7f61f0174c10>>
 Nguyen-5'_26_103,None,tensor(0.),<bound method Expression.r2 of <Expression.Expression object at 0x7f61f0174d30>>
 Nguyen-5'_26_104,x*sin(x)**2,tensor(0.0842),-117.30279385585324
 Nguyen-5'_26_105,None,tensor(0.),<bound method Expression.r2 of <Expression.Expression object at 0x7f6278187670>>
 Nguyen-5'_26_106,None,tensor(0.),<bound method Expression.r2 of <Expression.Expression object at 0x7f6278187e20>>
 Nguyen-5'_26_107,None,tensor(0.),<bound method Expression.r2 of <Expression.Expression object at 0x7f6278187af0>>
 Nguyen-5'_26_108,None,tensor(0.),<bound method Expression.r2 of <Expression.Expression object at 0x7f6278187fa0>>
 Nguyen-5'_26_109,None,tensor(0.),<bound method Expression.r2 of <Expression.Expression object at 0x7f61e80ef760>>
 Nguyen-5'_26_110,3*x**5/5,tensor(0.0843),-116.91706571587119
 Nguyen-5'_26_111,x*(x*sin(x) + x + cos(x)),tensor(0.0696),-177.49844192407488
 Nguyen-5'_26_112,x**3 + x + sin(x),tensor(0.0685),-184.10416142126664
 Nguyen-5'_26_113,None,tensor(0.),<bound method Expression.r2 of <Expression.Expression object at 0x7f62300f0f70>>
 Nguyen-5'_26_114,None,tensor(0.),<bound method Expression.r2 of <Expression.Expression object at 0x7f6278187f70>>
 Nguyen-5'_26_115,None,tensor(0.),<bound method Expression.r2 of <Expression.Expression object at 0x7f62701e8460>>
 Nguyen-5'_26_116,None,tensor(0.),<bound method Expression.r2 of <Expression.Expression object at 0x7f62701e8700>>
 Nguyen-5'_26_117,None,tensor(0.),<bound method Expression.r2 of <Expression.Expression object at 0x7f61f0530250>>
 Nguyen-5'_26_118,None,tensor(0.),<bound method Expression.r2 of <Expression.Expression object at 0x7f61f03ecf40>>
 Nguyen-5'_26_119,x*(x + sin(x) + 2),tensor(0.0585),-257.666796030285
 Nguyen-5'_26_120,None,tensor(0.),<bound method Expression.r2 of <Expression.Expression object at 0x7f61f054c7f0>>
 Nguyen-5'_26_121,None,tensor(0.),<bound method Expression.r2 of <Expression.Expression object at 0x7f61f018f550>>
 Nguyen-5'_26_122,None,tensor(0.),<bound method Expression.r2 of <Expression.Expression object at 0x7f61f04c2850>>
 Nguyen-5'_26_123,None,tensor(0.),<bound method Expression.r2 of <Expression.Expression object at 0x7f6228038940>>
 Nguyen-5'_26_124,exp(2*x),tensor(0.0401),-570.8725036849553
 Nguyen-5'_26_125,cos(2*x + 5),tensor(0.0753),-149.63924040799964
 Nguyen-5'_26_126,asin(x/2),tensor(0.0841),-117.48665873720458
 Nguyen-5'_26_127,None,tensor(0.),<bound method Expression.r2 of <Expression.Expression object at 0x7f61f01e16a0>>
 Nguyen-5'_27_0,3*x**6/2,tensor(0.0750),-151.14180198164524
 Nguyen-5'_27_1,None,tensor(0.),<bound method Expression.r2 of <Expression.Expression object at 0x7f6228087f40>>
 Nguyen-5'_27_2,tanh(x + 4),tensor(0.0555),-288.7686975456825
 Nguyen-5'_27_3,None,tensor(0.),<bound method Expression.r2 of <Expression.Expression object at 0x7f61f056e130>>
 Nguyen-5'_27_4,None,tensor(0.),<bound method Expression.r2 of <Expression.Expression object at 0x7f62781d4190>>
 Nguyen-5'_27_5,None,tensor(0.),<bound method Expression.r2 of <Expression.Expression object at 0x7f62781d4af0>>
 Nguyen-5'_27_6,x*acosh(2*x + 1),tensor(0.),0
 Nguyen-5'_27_7,cos(x + 4),tensor(0.1150),-58.2782824705357
 Nguyen-5'_27_8,None,tensor(0.),<bound method Expression.r2 of <Expression.Expression object at 0x7f62280b70a0>>
 Nguyen-5'_27_9,None,tensor(0.),<bound method Expression.r2 of <Expression.Expression object at 0x7f62280b79d0>>
 Nguyen-5'_27_10,x**3/16,tensor(0.0842),-117.37023352645956
 Nguyen-5'_27_11,x*(x + 5),tensor(0.0448),-453.7870032371668
 Nguyen-5'_27_12,None,tensor(0.),<bound method Expression.r2 of <Expression.Expression object at 0x7f61f0264100>>
 Nguyen-5'_27_13,None,tensor(0.),<bound method Expression.r2 of <Expression.Expression object at 0x7f627018d220>>
 Nguyen-5'_27_14,None,tensor(0.),<bound method Expression.r2 of <Expression.Expression object at 0x7f627018d190>>
 Nguyen-5'_27_15,None,tensor(0.),<bound method Expression.r2 of <Expression.Expression object at 0x7f627018d790>>
 Nguyen-5'_27_16,None,tensor(0.),<bound method Expression.r2 of <Expression.Expression object at 0x7f61f04756d0>>
 Nguyen-5'_27_17,sin(x)**3,tensor(0.0843),-116.95623446301592
 Nguyen-5'_27_18,x**4*exp(3),tensor(0.0200),-2401.4896946503245
 Nguyen-5'_27_19,x*tan(9),tensor(0.0822),-123.63672807875663
 Nguyen-5'_27_20,None,tensor(0.),<bound method Expression.r2 of <Expression.Expression object at 0x7f61f0475100>>
 Nguyen-5'_27_21,None,tensor(0.),<bound method Expression.r2 of <Expression.Expression object at 0x7f62781922b0>>
 Nguyen-5'_27_22,None,tensor(0.),<bound method Expression.r2 of <Expression.Expression object at 0x7f6278192ca0>>
 Nguyen-5'_27_23,None,tensor(0.),<bound method Expression.r2 of <Expression.Expression object at 0x7f61f0475220>>
 Nguyen-5'_27_24,None,tensor(0.),<bound method Expression.r2 of <Expression.Expression object at 0x7f61f0475670>>
 Nguyen-5'_27_25,None,tensor(0.),<bound method Expression.r2 of <Expression.Expression object at 0x7f61eb09b340>>
 Nguyen-5'_27_26,None,tensor(0.),<bound method Expression.r2 of <Expression.Expression object at 0x7f61eb09b370>>
 Nguyen-5'_27_27,None,tensor(0.),<bound method Expression.r2 of <Expression.Expression object at 0x7f61eb09be80>>
 Nguyen-5'_27_28,sin(x + 5),tensor(0.1443),-34.15166752853967
 Nguyen-5'_27_29,x**3 + 2*x**2,tensor(0.0612),-234.182203828274
 Nguyen-5'_27_30,None,tensor(0.),<bound method Expression.r2 of <Expression.Expression object at 0x7f61eb09b490>>
 Nguyen-5'_27_31,x**2*(x + 4),tensor(0.0468),-414.41857552158353
 Nguyen-5'_27_32,None,tensor(0.),<bound method Expression.r2 of <Expression.Expression object at 0x7f62780402b0>>
 Nguyen-5'_27_33,67,tensor(0.),0
 Nguyen-5'_27_34,None,tensor(0.),<bound method Expression.r2 of <Expression.Expression object at 0x7f61eb1f35e0>>
 Nguyen-5'_27_35,-sin(x) + 2*cos(x),tensor(0.0439),-473.66458461114615
 Nguyen-5'_27_36,None,tensor(0.),<bound method Expression.r2 of <Expression.Expression object at 0x7f61f03491f0>>
 Nguyen-5'_27_37,None,tensor(0.),<bound method Expression.r2 of <Expression.Expression object at 0x7f61f02973d0>>
 Nguyen-5'_27_38,None,tensor(0.),<bound method Expression.r2 of <Expression.Expression object at 0x7f61e80ea9a0>>
 Nguyen-5'_27_39,None,tensor(0.),<bound method Expression.r2 of <Expression.Expression object at 0x7f61e80eaa90>>
 Nguyen-5'_27_40,None,tensor(0.),<bound method Expression.r2 of <Expression.Expression object at 0x7f61e80ea490>>
 Nguyen-5'_27_41,x - log(cos(x)),tensor(0.0754),-149.35875313239637
 Nguyen-5'_27_42,x**2 + x*atanh(x),tensor(0.0563),-279.95375236962644
 Nguyen-5'_27_43,None,tensor(0.),<bound method Expression.r2 of <Expression.Expression object at 0x7f6278068370>>
 Nguyen-5'_27_44,tan(x)**5,tensor(0.0611),-235.05191182550416
 Nguyen-5'_27_45,(x - 1)*exp(x),tensor(0.1442),-34.207742444928634
 Nguyen-5'_27_46,None,tensor(0.),<bound method Expression.r2 of <Expression.Expression object at 0x7f623003d370>>
 Nguyen-5'_27_47,None,tensor(0.),<bound method Expression.r2 of <Expression.Expression object at 0x7f6230082b50>>
 Nguyen-5'_27_48,None,tensor(0.),<bound method Expression.r2 of <Expression.Expression object at 0x7f627018dac0>>
 Nguyen-5'_27_49,None,tensor(0.),<bound method Expression.r2 of <Expression.Expression object at 0x7f62701e5a90>>
 Nguyen-5'_27_50,None,tensor(0.),<bound method Expression.r2 of <Expression.Expression object at 0x7f62280b4af0>>
 Nguyen-5'_27_51,None,tensor(0.),<bound method Expression.r2 of <Expression.Expression object at 0x7f62701e56d0>>
 Nguyen-5'_27_52,sin(x + 4),tensor(0.1176),-55.278894604572955
 Nguyen-5'_27_53,2,tensor(0.),0
 Nguyen-5'_27_54,None,tensor(0.),<bound method Expression.r2 of <Expression.Expression object at 0x7f61f054c1f0>>
 Nguyen-5'_27_55,None,tensor(0.),<bound method Expression.r2 of <Expression.Expression object at 0x7f62301255b0>>
 Nguyen-5'_27_56,None,tensor(0.),<bound method Expression.r2 of <Expression.Expression object at 0x7f6278058b20>>
 Nguyen-5'_27_57,x - exp(x) + sin(x),tensor(0.1689),-23.221392666498264
 Nguyen-5'_27_58,None,tensor(0.),<bound method Expression.r2 of <Expression.Expression object at 0x7f61f057fa90>>
 Nguyen-5'_27_59,None,tensor(0.),<bound method Expression.r2 of <Expression.Expression object at 0x7f6278187070>>
 Nguyen-5'_27_60,None,tensor(0.),<bound method Expression.r2 of <Expression.Expression object at 0x7f62300b1bb0>>
 Nguyen-5'_27_61,None,tensor(0.),<bound method Expression.r2 of <Expression.Expression object at 0x7f62301f1b20>>
 Nguyen-5'_27_62,None,tensor(0.),<bound method Expression.r2 of <Expression.Expression object at 0x7f623014cdc0>>
 Nguyen-5'_27_63,None,tensor(0.),<bound method Expression.r2 of <Expression.Expression object at 0x7f623014c130>>
 Nguyen-5'_27_64,x**2/sin(2),tensor(0.0700),-175.51522610824327
 Nguyen-5'_27_65,-cosh(2*x),tensor(0.1466),-32.89565731785488
 Nguyen-5'_27_66,None,tensor(0.),<bound method Expression.r2 of <Expression.Expression object at 0x7f61f04c2430>>
 Nguyen-5'_27_67,None,tensor(0.),<bound method Expression.r2 of <Expression.Expression object at 0x7f62b84b7cd0>>
 Nguyen-5'_27_68,cos(x),tensor(0.0586),-257.26920649404826
 Nguyen-5'_27_69,None,tensor(0.),<bound method Expression.r2 of <Expression.Expression object at 0x7f62280d1d00>>
 Nguyen-5'_27_70,None,tensor(0.),<bound method Expression.r2 of <Expression.Expression object at 0x7f61eb1be8b0>>
 Nguyen-5'_27_71,sqrt(2)/x,tensor(0.0078),-16129.192404077796
 Nguyen-5'_27_72,None,tensor(0.),<bound method Expression.r2 of <Expression.Expression object at 0x7f623012ed30>>
 Nguyen-5'_27_73,2*x + acos(x),tensor(0.0465),-418.5936381387587
 Nguyen-5'_27_74,x - cos(2*x),tensor(0.1022),-76.15893673309094
 Nguyen-5'_27_75,None,tensor(0.),<bound method Expression.r2 of <Expression.Expression object at 0x7f62300b14f0>>
 Nguyen-5'_27_76,2*x + sin(x),tensor(0.0644),-209.91795870975488
 Nguyen-5'_27_77,None,tensor(0.),<bound method Expression.r2 of <Expression.Expression object at 0x7f61f054c670>>
 Nguyen-5'_27_78,x*exp(x) + x + 112,tensor(0.0014),-492514.8360766082
 Nguyen-5'_27_79,None,tensor(0.),<bound method Expression.r2 of <Expression.Expression object at 0x7f62780d7a90>>
 Nguyen-5'_27_80,None,tensor(0.),<bound method Expression.r2 of <Expression.Expression object at 0x7f62701f24f0>>
 Nguyen-5'_27_81,None,tensor(0.),<bound method Expression.r2 of <Expression.Expression object at 0x7f62780d7d90>>
 Nguyen-5'_27_82,None,tensor(0.),<bound method Expression.r2 of <Expression.Expression object at 0x7f61f036f8b0>>
 Nguyen-5'_27_83,None,tensor(0.),<bound method Expression.r2 of <Expression.Expression object at 0x7f61f036f0d0>>
 Nguyen-5'_27_84,None,tensor(0.),<bound method Expression.r2 of <Expression.Expression object at 0x7f6278058c40>>
 Nguyen-5'_27_85,-x**2*(x + 2) + x,tensor(0.1097),-64.85712075383631
 Nguyen-5'_27_86,None,tensor(0.),<bound method Expression.r2 of <Expression.Expression object at 0x7f61f02838e0>>
 Nguyen-5'_27_87,-sin(x) - 1,tensor(0.1423),-35.34842810610315
 Nguyen-5'_27_88,None,tensor(0.),<bound method Expression.r2 of <Expression.Expression object at 0x7f61f0541430>>
 Nguyen-5'_27_89,None,tensor(0.),<bound method Expression.r2 of <Expression.Expression object at 0x7f61f01e16d0>>
 Nguyen-5'_27_90,None,tensor(0.),<bound method Expression.r2 of <Expression.Expression object at 0x7f62301f1a00>>
 Nguyen-5'_27_91,x*(x + exp(x**2)),tensor(0.0660),-199.49431374389704
 Nguyen-5'_27_92,x*(2*x + 3),tensor(0.0530),-318.5344971670328
 Nguyen-5'_27_93,x*(x + exp(x)),tensor(0.0592),-251.10200373724774
 Nguyen-5'_27_94,None,tensor(0.),<bound method Expression.r2 of <Expression.Expression object at 0x7f61f046ec70>>
 Nguyen-5'_27_95,None,tensor(0.),<bound method Expression.r2 of <Expression.Expression object at 0x7f61f04f51c0>>
 Nguyen-5'_27_96,None,tensor(0.),<bound method Expression.r2 of <Expression.Expression object at 0x7f61eb1f7790>>
 Nguyen-5'_27_97,None,tensor(0.),<bound method Expression.r2 of <Expression.Expression object at 0x7f61eb1f7310>>
 Nguyen-5'_27_98,x*acos(2),tensor(0.),0
 Nguyen-5'_27_99,x + (x + 5)/x,tensor(0.0022),-202328.66516159152
 Nguyen-5'_27_100,-x - cos(x),tensor(0.1235),-49.36518602159892
 Nguyen-5'_27_101,None,tensor(0.),<bound method Expression.r2 of <Expression.Expression object at 0x7f6228038a00>>
 Nguyen-5'_27_102,None,tensor(0.),<bound method Expression.r2 of <Expression.Expression object at 0x7f61f04a2700>>
 Nguyen-5'_27_103,None,tensor(0.),<bound method Expression.r2 of <Expression.Expression object at 0x7f62780a8310>>
 Nguyen-5'_27_104,None,tensor(0.),<bound method Expression.r2 of <Expression.Expression object at 0x7f62780404f0>>
 Nguyen-5'_27_105,None,tensor(0.),<bound method Expression.r2 of <Expression.Expression object at 0x7f623017da60>>
 Nguyen-5'_27_106,None,tensor(0.),<bound method Expression.r2 of <Expression.Expression object at 0x7f61f04b7760>>
 Nguyen-5'_27_107,None,tensor(0.),<bound method Expression.r2 of <Expression.Expression object at 0x7f61f04b7130>>
 Nguyen-5'_27_108,x**3 - x,tensor(0.0824),-123.03618703435293
 Nguyen-5'_27_109,x + cosh(x),tensor(0.0522),-328.49994018764505
 Nguyen-5'_27_110,None,tensor(0.),<bound method Expression.r2 of <Expression.Expression object at 0x7f61f04bec70>>
 Nguyen-5'_27_111,x*(x + asinh(x**2)),tensor(0.0714),-167.92275738303923
 Nguyen-5'_27_112,18*x**4,tensor(0.0219),-1999.834584007629
 Nguyen-5'_27_113,None,tensor(0.),<bound method Expression.r2 of <Expression.Expression object at 0x7f61f046e040>>
 Nguyen-5'_27_114,x/sin(x),tensor(0.0543),-301.9526328075394
 Nguyen-5'_27_115,-x*(x + 3),tensor(0.0637),-215.20556928949736
 Nguyen-5'_27_116,x**2*cos(4),tensor(0.0937),-92.51377879043906
 Nguyen-5'_27_117,None,tensor(0.),<bound method Expression.r2 of <Expression.Expression object at 0x7f627018dd00>>
 Nguyen-5'_27_118,None,tensor(0.),<bound method Expression.r2 of <Expression.Expression object at 0x7f627018d730>>
 Nguyen-5'_27_119,x + 1/4,tensor(0.0734),-158.4941647530582
 Nguyen-5'_27_120,None,tensor(0.),<bound method Expression.r2 of <Expression.Expression object at 0x7f61f04b7070>>
 Nguyen-5'_27_121,None,tensor(0.),<bound method Expression.r2 of <Expression.Expression object at 0x7f61f018f7c0>>
 Nguyen-5'_27_122,None,tensor(0.),<bound method Expression.r2 of <Expression.Expression object at 0x7f61f04a2760>>
 Nguyen-5'_27_123,None,tensor(0.),<bound method Expression.r2 of <Expression.Expression object at 0x7f62701a9640>>
 Nguyen-5'_27_124,6/x,tensor(0.0018),-291234.8174984861
 Nguyen-5'_27_125,None,tensor(0.),<bound method Expression.r2 of <Expression.Expression object at 0x7f62300b1640>>
 Nguyen-5'_27_126,None,tensor(0.),<bound method Expression.r2 of <Expression.Expression object at 0x7f627018dee0>>
 Nguyen-5'_27_127,None,tensor(0.),<bound method Expression.r2 of <Expression.Expression object at 0x7f627018da30>>
 Nguyen-5'_28_0,None,tensor(0.),<bound method Expression.r2 of <Expression.Expression object at 0x7f62300b1040>>
 Nguyen-5'_28_1,None,tensor(0.),<bound method Expression.r2 of <Expression.Expression object at 0x7f6278097460>>
 Nguyen-5'_28_2,-x - tanh(x),tensor(0.0698),-176.34363437918685
 Nguyen-5'_28_3,x + tan(x + 1),tensor(0.0007),-1926012.3791777242
 Nguyen-5'_28_4,None,tensor(0.),<bound method Expression.r2 of <Expression.Expression object at 0x7f61f04b7b50>>
 Nguyen-5'_28_5,None,tensor(0.),<bound method Expression.r2 of <Expression.Expression object at 0x7f61f04750d0>>
 Nguyen-5'_28_6,x*acosh(sqrt(x)),tensor(0.),0
 Nguyen-5'_28_7,None,tensor(0.),<bound method Expression.r2 of <Expression.Expression object at 0x7f61f0394c10>>
 Nguyen-5'_28_8,None,tensor(0.),<bound method Expression.r2 of <Expression.Expression object at 0x7f62280bc2e0>>
 Nguyen-5'_28_9,None,tensor(0.),<bound method Expression.r2 of <Expression.Expression object at 0x7f62780409a0>>
 Nguyen-5'_28_10,None,tensor(0.),<bound method Expression.r2 of <Expression.Expression object at 0x7f61f036f5b0>>
 Nguyen-5'_28_11,2*x*(x + 2),tensor(0.0476),-399.2112818849802
 Nguyen-5'_28_12,None,tensor(0.),<bound method Expression.r2 of <Expression.Expression object at 0x7f62780bd700>>
 Nguyen-5'_28_13,None,tensor(0.),<bound method Expression.r2 of <Expression.Expression object at 0x7f62781920a0>>
 Nguyen-5'_28_14,None,tensor(0.),<bound method Expression.r2 of <Expression.Expression object at 0x7f61f056e730>>
 Nguyen-5'_28_15,None,tensor(0.),<bound method Expression.r2 of <Expression.Expression object at 0x7f62781d4970>>
 Nguyen-5'_28_16,None,tensor(0.),<bound method Expression.r2 of <Expression.Expression object at 0x7f61f0541700>>
 Nguyen-5'_28_17,None,tensor(0.),<bound method Expression.r2 of <Expression.Expression object at 0x7f61f04c2910>>
 Nguyen-5'_28_18,None,tensor(0.),<bound method Expression.r2 of <Expression.Expression object at 0x7f61f04c2a30>>
 Nguyen-5'_28_19,1,tensor(0.),0
 Nguyen-5'_28_20,None,tensor(0.),<bound method Expression.r2 of <Expression.Expression object at 0x7f61f05d4820>>
 Nguyen-5'_28_21,None,tensor(0.),<bound method Expression.r2 of <Expression.Expression object at 0x7f61eb1be790>>
 Nguyen-5'_28_22,2*x**2,tensor(0.0608),-237.44101165840425
 Nguyen-5'_28_23,None,tensor(0.),<bound method Expression.r2 of <Expression.Expression object at 0x7f61f04be2b0>>
 Nguyen-5'_28_24,x**2*(x + 1)**2,tensor(0.0634),-217.02392707345285
 Nguyen-5'_28_25,None,tensor(0.),<bound method Expression.r2 of <Expression.Expression object at 0x7f62781233d0>>
 Nguyen-5'_28_26,sin(3*x),tensor(0.0798),-131.98520828950112
 Nguyen-5'_28_27,None,tensor(0.),<bound method Expression.r2 of <Expression.Expression object at 0x7f61f01708b0>>
 Nguyen-5'_28_28,x + tan(x + 5),tensor(0.0018),-322324.052307219
 Nguyen-5'_28_29,2*x*(x**3 + x),tensor(0.0505),-352.11369318279134
 Nguyen-5'_28_30,None,tensor(0.),<bound method Expression.r2 of <Expression.Expression object at 0x7f6278040eb0>>
 Nguyen-5'_28_31,None,tensor(0.),<bound method Expression.r2 of <Expression.Expression object at 0x7f62280384c0>>
 Nguyen-5'_28_32,0,tensor(0.),0
 Nguyen-5'_28_33,3*x*(x + 1),tensor(0.0479),-393.64749165368505
 Nguyen-5'_28_34,25*x**2,tensor(0.0125),-6262.890878100495
 Nguyen-5'_28_35,None,tensor(0.),<bound method Expression.r2 of <Expression.Expression object at 0x7f622814c070>>
 Nguyen-5'_28_36,9*x**9,tensor(0.0594),-249.60445039653206
 Nguyen-5'_28_37,None,tensor(0.),<bound method Expression.r2 of <Expression.Expression object at 0x7f62701e55b0>>
 Nguyen-5'_28_38,None,tensor(0.),<bound method Expression.r2 of <Expression.Expression object at 0x7f61f0475310>>
 Nguyen-5'_28_39,None,tensor(0.),<bound method Expression.r2 of <Expression.Expression object at 0x7f61f0283e50>>
 Nguyen-5'_28_40,None,tensor(0.),<bound method Expression.r2 of <Expression.Expression object at 0x7f629809ceb0>>
 Nguyen-5'_28_41,2*x**2 - 2*x,tensor(0.0531),-317.4927451903301
 Nguyen-5'_28_42,4/cos(x),tensor(0.0234),-1733.8757979193083
 Nguyen-5'_28_43,x,tensor(0.0821),-123.87640063774847
 Nguyen-5'_28_44,x**3*exp(4)/3,tensor(0.0223),-1926.4743554843053
 Nguyen-5'_28_45,None,tensor(0.),<bound method Expression.r2 of <Expression.Expression object at 0x7f622810dd30>>
 Nguyen-5'_28_46,3*x + cos(x),tensor(0.0509),-347.13486205823176
 Nguyen-5'_28_47,None,tensor(0.),<bound method Expression.r2 of <Expression.Expression object at 0x7f6228123eb0>>
 Nguyen-5'_28_48,None,tensor(0.),<bound method Expression.r2 of <Expression.Expression object at 0x7f62281231c0>>
 Nguyen-5'_28_49,3*log(x + 1),tensor(0.0491),-374.2746995640083
 Nguyen-5'_28_50,None,tensor(0.),<bound method Expression.r2 of <Expression.Expression object at 0x7f61eb1f7670>>
 Nguyen-5'_28_51,None,tensor(0.),<bound method Expression.r2 of <Expression.Expression object at 0x7f61eb1f75e0>>
 Nguyen-5'_28_52,None,tensor(0.),<bound method Expression.r2 of <Expression.Expression object at 0x7f61eb1f7e80>>
 Nguyen-5'_28_53,x**2 + 2*x + log(x),tensor(0.),0
 Nguyen-5'_28_54,None,tensor(0.),<bound method Expression.r2 of <Expression.Expression object at 0x7f61eb1f71c0>>
 Nguyen-5'_28_55,None,tensor(0.),<bound method Expression.r2 of <Expression.Expression object at 0x7f61f0174bb0>>
 Nguyen-5'_28_56,-x**3 - cos(x),tensor(0.1346),-40.333579894463504
 Nguyen-5'_28_57,-5*x**2,tensor(0.0901),-101.06504887522097
 Nguyen-5'_28_58,None,tensor(0.),<bound method Expression.r2 of <Expression.Expression object at 0x7f627018d4f0>>
 Nguyen-5'_28_59,None,tensor(0.),<bound method Expression.r2 of <Expression.Expression object at 0x7f627018deb0>>
 Nguyen-5'_28_60,None,tensor(0.),<bound method Expression.r2 of <Expression.Expression object at 0x7f627018d880>>
 Nguyen-5'_28_61,4*x**2*asinh(x),tensor(0.0701),-175.14589498292477
 Nguyen-5'_28_62,None,tensor(0.),<bound method Expression.r2 of <Expression.Expression object at 0x7f627018d670>>
 Nguyen-5'_28_63,None,tensor(0.),<bound method Expression.r2 of <Expression.Expression object at 0x7f627817fc40>>
 Nguyen-5'_28_64,None,tensor(0.),<bound method Expression.r2 of <Expression.Expression object at 0x7f6228123fd0>>
 Nguyen-5'_28_65,None,tensor(0.),<bound method Expression.r2 of <Expression.Expression object at 0x7f62281238e0>>
 Nguyen-5'_28_66,-x**3 + x**2,tensor(0.0688),-182.05159682174863
 Nguyen-5'_28_67,None,tensor(0.),<bound method Expression.r2 of <Expression.Expression object at 0x7f629809cf10>>
 Nguyen-5'_28_68,None,tensor(0.),<bound method Expression.r2 of <Expression.Expression object at 0x7f6230100f70>>
 Nguyen-5'_28_69,x**2,tensor(0.0711),-169.4599711103949
 Nguyen-5'_28_70,None,tensor(0.),<bound method Expression.r2 of <Expression.Expression object at 0x7f62701ae7c0>>
 Nguyen-5'_28_71,None,tensor(0.),<bound method Expression.r2 of <Expression.Expression object at 0x7f62701aefd0>>
 Nguyen-5'_28_72,None,tensor(0.),<bound method Expression.r2 of <Expression.Expression object at 0x7f61f054d160>>
 Nguyen-5'_28_73,None,tensor(0.),<bound method Expression.r2 of <Expression.Expression object at 0x7f62701c7ac0>>
 Nguyen-5'_28_74,None,tensor(0.),<bound method Expression.r2 of <Expression.Expression object at 0x7f62701ae160>>
 Nguyen-5'_28_75,None,tensor(0.),<bound method Expression.r2 of <Expression.Expression object at 0x7f61f0530940>>
 Nguyen-5'_28_76,None,tensor(0.),<bound method Expression.r2 of <Expression.Expression object at 0x7f61f0530fa0>>
 Nguyen-5'_28_77,2*x**3 + x,tensor(0.0711),-169.58528350845486
 Nguyen-5'_28_78,sin(x + 2),tensor(0.0596),-248.00093535627212
 Nguyen-5'_28_79,x**2 + 2*x + 4,tensor(0.0259),-1414.0766018928741
 Nguyen-5'_28_80,-sinh(x),tensor(0.0772),-142.0208951653675
 Nguyen-5'_28_81,None,tensor(0.),<bound method Expression.r2 of <Expression.Expression object at 0x7f61f04b7f70>>
 Nguyen-5'_28_82,None,tensor(0.),<bound method Expression.r2 of <Expression.Expression object at 0x7f61eb1f3a90>>
 Nguyen-5'_28_83,None,tensor(0.),<bound method Expression.r2 of <Expression.Expression object at 0x7f6278071e50>>
 Nguyen-5'_28_84,None,tensor(0.),<bound method Expression.r2 of <Expression.Expression object at 0x7f61eb0b5880>>
 Nguyen-5'_28_85,None,tensor(0.),<bound method Expression.r2 of <Expression.Expression object at 0x7f62301f51c0>>
 Nguyen-5'_28_86,None,tensor(0.),<bound method Expression.r2 of <Expression.Expression object at 0x7f61f046cca0>>
 Nguyen-5'_28_87,None,tensor(0.),<bound method Expression.r2 of <Expression.Expression object at 0x7f61f046c0d0>>
 Nguyen-5'_28_88,(x + 1)*exp(x),tensor(0.0443),-463.94616086185255
 Nguyen-5'_28_89,None,tensor(0.),<bound method Expression.r2 of <Expression.Expression object at 0x7f61eb0b5b20>>
 Nguyen-5'_28_90,None,tensor(0.),<bound method Expression.r2 of <Expression.Expression object at 0x7f61f02f38b0>>
 Nguyen-5'_28_91,None,tensor(0.),<bound method Expression.r2 of <Expression.Expression object at 0x7f6228179640>>
 Nguyen-5'_28_92,None,tensor(0.),<bound method Expression.r2 of <Expression.Expression object at 0x7f61f04c2310>>
 Nguyen-5'_28_93,1,tensor(0.),0
 Nguyen-5'_28_94,cosh(x + 2),tensor(0.0246),-1567.5289147828466
 Nguyen-5'_28_95,None,tensor(0.),<bound method Expression.r2 of <Expression.Expression object at 0x7f61f036b2e0>>
 Nguyen-5'_28_96,None,tensor(0.),<bound method Expression.r2 of <Expression.Expression object at 0x7f61f04be610>>
 Nguyen-5'_28_97,x*(x**2*sinh(x) + x),tensor(0.0634),-216.9097741152847
 Nguyen-5'_28_98,3*exp(-x),tensor(0.0269),-1308.2380560041677
 Nguyen-5'_28_99,None,tensor(0.),<bound method Expression.r2 of <Expression.Expression object at 0x7f62301945e0>>
 Nguyen-5'_28_100,x*exp(2*x + 1),tensor(0.0253),-1478.1289565183265
 Nguyen-5'_28_101,None,tensor(0.),<bound method Expression.r2 of <Expression.Expression object at 0x7f61eb1f7460>>
 Nguyen-5'_28_102,None,tensor(0.),<bound method Expression.r2 of <Expression.Expression object at 0x7f61eb1f77f0>>
 Nguyen-5'_28_103,None,tensor(0.),<bound method Expression.r2 of <Expression.Expression object at 0x7f61e80ef550>>
 Nguyen-5'_28_104,None,tensor(0.),<bound method Expression.r2 of <Expression.Expression object at 0x7f61e80efbb0>>
 Nguyen-5'_28_105,exp(3*x + 4),tensor(0.0005),-3427281.8239129856
 Nguyen-5'_28_106,None,tensor(0.),<bound method Expression.r2 of <Expression.Expression object at 0x7f6270174b50>>
 Nguyen-5'_28_107,tan(x + 5),tensor(0.0018),-322139.8143075154
 Nguyen-5'_28_108,None,tensor(0.),<bound method Expression.r2 of <Expression.Expression object at 0x7f62301badf0>>
 Nguyen-5'_28_109,None,tensor(0.),<bound method Expression.r2 of <Expression.Expression object at 0x7f61f056ea90>>
 Nguyen-5'_28_110,None,tensor(0.),<bound method Expression.r2 of <Expression.Expression object at 0x7f62781129a0>>
 Nguyen-5'_28_111,3*x - log(cos(x)),tensor(0.0607),-238.8355979201961
 Nguyen-5'_28_112,2*x**2 - x/2,tensor(0.0597),-247.39539075105986
 Nguyen-5'_28_113,None,tensor(0.),<bound method Expression.r2 of <Expression.Expression object at 0x7f61f05eb970>>
 Nguyen-5'_28_114,None,tensor(0.),<bound method Expression.r2 of <Expression.Expression object at 0x7f61eb1bfd30>>
 Nguyen-5'_28_115,None,tensor(0.),<bound method Expression.r2 of <Expression.Expression object at 0x7f62701f20a0>>
 Nguyen-5'_28_116,None,tensor(0.),<bound method Expression.r2 of <Expression.Expression object at 0x7f6230182610>>
 Nguyen-5'_28_117,None,tensor(0.),<bound method Expression.r2 of <Expression.Expression object at 0x7f62301829a0>>
 Nguyen-5'_28_118,2*x**3/3 + sin(x),tensor(0.0800),-131.11423772827814
 Nguyen-5'_28_119,x + cos(x) + 1,tensor(0.0432),-490.29895530130136
 Nguyen-5'_28_120,None,tensor(0.),<bound method Expression.r2 of <Expression.Expression object at 0x7f623012ed60>>
 Nguyen-5'_28_121,None,tensor(0.),<bound method Expression.r2 of <Expression.Expression object at 0x7f61f0570970>>
 Nguyen-5'_28_122,14*x*log(x),tensor(0.),0
 Nguyen-5'_28_123,None,tensor(0.),<bound method Expression.r2 of <Expression.Expression object at 0x7f6228123c40>>
 Nguyen-5'_28_124,x**4*sin(x)**2,tensor(0.0795),-133.14657777552824
 Nguyen-5'_28_125,-x**2*tan(x),tensor(0.0790),-134.930967862603
 Nguyen-5'_28_126,x*(cosh(x) + 5),tensor(0.0389),-607.913126196331
 Nguyen-5'_28_127,None,tensor(0.),<bound method Expression.r2 of <Expression.Expression object at 0x7f61f046e0d0>>
 Nguyen-5'_29_0,x*tan(x) + x,tensor(0.0674),-190.36738289118995
 Nguyen-5'_29_1,None,tensor(0.),<bound method Expression.r2 of <Expression.Expression object at 0x7f61f046ca30>>
 Nguyen-5'_29_2,None,tensor(0.),<bound method Expression.r2 of <Expression.Expression object at 0x7f61f042bd90>>
 Nguyen-5'_29_3,None,tensor(0.),<bound method Expression.r2 of <Expression.Expression object at 0x7f61f0394940>>
 Nguyen-5'_29_4,None,tensor(0.),<bound method Expression.r2 of <Expression.Expression object at 0x7f61f0394310>>
 Nguyen-5'_29_5,None,tensor(0.),<bound method Expression.r2 of <Expression.Expression object at 0x7f6230194a30>>
 Nguyen-5'_29_6,None,tensor(0.),<bound method Expression.r2 of <Expression.Expression object at 0x7f6278192820>>
 Nguyen-5'_29_7,None,tensor(0.),<bound method Expression.r2 of <Expression.Expression object at 0x7f62701e89a0>>
 Nguyen-5'_29_8,None,tensor(0.),<bound method Expression.r2 of <Expression.Expression object at 0x7f623013b820>>
 Nguyen-5'_29_9,2*x + 5,tensor(0.0235),-1726.426964231671
 Nguyen-5'_29_10,None,tensor(0.),<bound method Expression.r2 of <Expression.Expression object at 0x7f62280545b0>>
 Nguyen-5'_29_11,x + 4*log(x),tensor(0.),0
 Nguyen-5'_29_12,None,tensor(0.),<bound method Expression.r2 of <Expression.Expression object at 0x7f627018d550>>
 Nguyen-5'_29_13,None,tensor(0.),<bound method Expression.r2 of <Expression.Expression object at 0x7f61eb0b6250>>
 Nguyen-5'_29_14,1,tensor(0.),0
 Nguyen-5'_29_15,x**3*tan(3),tensor(0.0838),-118.43953752199322
 Nguyen-5'_29_16,None,tensor(0.),<bound method Expression.r2 of <Expression.Expression object at 0x7f61f036f220>>
 Nguyen-5'_29_17,None,tensor(0.),<bound method Expression.r2 of <Expression.Expression object at 0x7f6270105400>>
 Nguyen-5'_29_18,-x + log(x),tensor(0.),0
 Nguyen-5'_29_19,None,tensor(0.),<bound method Expression.r2 of <Expression.Expression object at 0x7f61eb0b5850>>
 Nguyen-5'_29_20,x*(x + log(x)),tensor(0.),0
 Nguyen-5'_29_21,None,tensor(0.),<bound method Expression.r2 of <Expression.Expression object at 0x7f61eb1f7a90>>
 Nguyen-5'_29_22,5*log(x),tensor(0.),0
 Nguyen-5'_29_23,None,tensor(0.),<bound method Expression.r2 of <Expression.Expression object at 0x7f61eb1f7040>>
 Nguyen-5'_29_24,None,tensor(0.),<bound method Expression.r2 of <Expression.Expression object at 0x7f61f03ec6a0>>
 Nguyen-5'_29_25,None,tensor(0.),<bound method Expression.r2 of <Expression.Expression object at 0x7f61f0264cd0>>
 Nguyen-5'_29_26,asinh(x + 3),tensor(0.0437),-477.7170865231515
 Nguyen-5'_29_27,None,tensor(0.),<bound method Expression.r2 of <Expression.Expression object at 0x7f61eb0b6880>>
 Nguyen-5'_29_28,None,tensor(0.),<bound method Expression.r2 of <Expression.Expression object at 0x7f61f0264c40>>
 Nguyen-5'_29_29,tan(x - 5),tensor(0.0158),-3899.3776915614294
 Nguyen-5'_29_30,2*x**2 + x,tensor(0.0608),-237.6493620537447
 Nguyen-5'_29_31,None,tensor(0.),<bound method Expression.r2 of <Expression.Expression object at 0x7f61f057fcd0>>
 Nguyen-5'_29_32,None,tensor(0.),<bound method Expression.r2 of <Expression.Expression object at 0x7f62281f4160>>
 Nguyen-5'_29_33,None,tensor(0.),<bound method Expression.r2 of <Expression.Expression object at 0x7f6230154850>>
 Nguyen-5'_29_34,x - cos(3*x),tensor(0.0801),-130.96138132533042
 Nguyen-5'_29_35,None,tensor(0.),<bound method Expression.r2 of <Expression.Expression object at 0x7f61f03ec2e0>>
 Nguyen-5'_29_36,sqrt(x + 4),tensor(0.0415),-531.4618472772476
 Nguyen-5'_29_37,None,tensor(0.),<bound method Expression.r2 of <Expression.Expression object at 0x7f62701f2490>>
 Nguyen-5'_29_38,None,tensor(0.),<bound method Expression.r2 of <Expression.Expression object at 0x7f61f0297940>>
 Nguyen-5'_29_39,None,tensor(0.),<bound method Expression.r2 of <Expression.Expression object at 0x7f6270177910>>
 Nguyen-5'_29_40,None,tensor(0.),<bound method Expression.r2 of <Expression.Expression object at 0x7f61f03e16a0>>
 Nguyen-5'_29_41,x**2 + 2*x + 1,tensor(0.0480),-391.91024629357054
 Nguyen-5'_29_42,sin(5*x)/5,tensor(0.0834),-119.64012145220079
 Nguyen-5'_29_43,None,tensor(0.),<bound method Expression.r2 of <Expression.Expression object at 0x7f61eb09b670>>
 Nguyen-5'_29_44,x*log(cos(x)),tensor(0.0826),-122.31390929846054
 Nguyen-5'_29_45,-x*cosh(x) + sinh(x),tensor(0.0833),-120.08468846757422
 Nguyen-5'_29_46,None,tensor(0.),<bound method Expression.r2 of <Expression.Expression object at 0x7f61f0285fa0>>
 Nguyen-5'_29_47,None,tensor(0.),<bound method Expression.r2 of <Expression.Expression object at 0x7f61f0174460>>
 Nguyen-5'_29_48,None,tensor(0.),<bound method Expression.r2 of <Expression.Expression object at 0x7f61f0174370>>
 Nguyen-5'_29_49,2*x**2*tan(5),tensor(0.0672),-191.46617763127068
 Nguyen-5'_29_50,3*x**2 + 4*x,tensor(0.0440),-471.31284322335665
 Nguyen-5'_29_51,None,tensor(0.),<bound method Expression.r2 of <Expression.Expression object at 0x7f62701e5850>>
 Nguyen-5'_29_52,cosh(x - 2),tensor(0.0229),-1811.914000852513
 Nguyen-5'_29_53,None,tensor(0.),<bound method Expression.r2 of <Expression.Expression object at 0x7f62701f2f70>>
 Nguyen-5'_29_54,-x*cosh(x),tensor(0.0750),-150.95405934836126
 Nguyen-5'_29_55,None,tensor(0.),<bound method Expression.r2 of <Expression.Expression object at 0x7f622803fb80>>
 Nguyen-5'_29_56,None,tensor(0.),<bound method Expression.r2 of <Expression.Expression object at 0x7f62281f4550>>
 Nguyen-5'_29_57,None,tensor(0.),<bound method Expression.r2 of <Expression.Expression object at 0x7f62780d7af0>>
 Nguyen-5'_29_58,exp(x - 5),tensor(0.0838),-118.64852305348604
 Nguyen-5'_29_59,None,tensor(0.),<bound method Expression.r2 of <Expression.Expression object at 0x7f6270175430>>
 Nguyen-5'_29_60,None,tensor(0.),<bound method Expression.r2 of <Expression.Expression object at 0x7f62781cf100>>
 Nguyen-5'_29_61,3*x*asinh(x),tensor(0.0546),-299.12450043435655
 Nguyen-5'_29_62,None,tensor(0.),<bound method Expression.r2 of <Expression.Expression object at 0x7f61f03ecb20>>
 Nguyen-5'_29_63,None,tensor(0.),<bound method Expression.r2 of <Expression.Expression object at 0x7f61f0570cd0>>
 Nguyen-5'_29_64,1/4 - 5*x,tensor(0.0416),-530.2269929884857
 Nguyen-5'_29_65,x + tan(3),tensor(0.0881),-106.25764823844297
 Nguyen-5'_29_66,None,tensor(0.),<bound method Expression.r2 of <Expression.Expression object at 0x7f61f036f340>>
 Nguyen-5'_29_67,None,tensor(0.),<bound method Expression.r2 of <Expression.Expression object at 0x7f62301f1bb0>>
 Nguyen-5'_29_68,x**2 + 6*x,tensor(0.0395),-591.1208439851282
 Nguyen-5'_29_69,None,tensor(0.),<bound method Expression.r2 of <Expression.Expression object at 0x7f627018d5b0>>
 Nguyen-5'_29_70,None,tensor(0.),<bound method Expression.r2 of <Expression.Expression object at 0x7f627018dfd0>>
 Nguyen-5'_29_71,x*sinh(4),tensor(0.0099),-9909.703091739928
 Nguyen-5'_29_72,None,tensor(0.),<bound method Expression.r2 of <Expression.Expression object at 0x7f62701d1f70>>
 Nguyen-5'_29_73,4*x*cosh(x),tensor(0.0447),-456.57763652401877
 Nguyen-5'_29_74,None,tensor(0.),<bound method Expression.r2 of <Expression.Expression object at 0x7f61e80efeb0>>
 Nguyen-5'_29_75,None,tensor(0.),<bound method Expression.r2 of <Expression.Expression object at 0x7f61eb1f7b50>>
 Nguyen-5'_29_76,None,tensor(0.),<bound method Expression.r2 of <Expression.Expression object at 0x7f61eb1f7820>>
 Nguyen-5'_29_77,None,tensor(0.),<bound method Expression.r2 of <Expression.Expression object at 0x7f61eb1f7ac0>>
 Nguyen-5'_29_78,None,tensor(0.),<bound method Expression.r2 of <Expression.Expression object at 0x7f61eb1f7970>>
 Nguyen-5'_29_79,None,tensor(0.),<bound method Expression.r2 of <Expression.Expression object at 0x7f61eb1f7880>>
 Nguyen-5'_29_80,None,tensor(0.),<bound method Expression.r2 of <Expression.Expression object at 0x7f61eb0b6910>>
 Nguyen-5'_29_81,None,tensor(0.),<bound method Expression.r2 of <Expression.Expression object at 0x7f61eb0b6850>>
 Nguyen-5'_29_82,x*log(x) - x - exp(x),tensor(0.),0
 Nguyen-5'_29_83,None,tensor(0.),<bound method Expression.r2 of <Expression.Expression object at 0x7f62781625b0>>
 Nguyen-5'_29_84,x*(x**4 + x + 2),tensor(0.0625),-224.2565151578552
 Nguyen-5'_29_85,None,tensor(0.),<bound method Expression.r2 of <Expression.Expression object at 0x7f6278162430>>
 Nguyen-5'_29_86,None,tensor(0.),<bound method Expression.r2 of <Expression.Expression object at 0x7f61f04a2850>>
 Nguyen-5'_29_87,x**2/4,tensor(0.0806),-129.08329448229046
 Nguyen-5'_29_88,sin(2*x)/2,tensor(0.0836),-119.15078942733517
 Nguyen-5'_29_89,4*x*exp(3*x),tensor(0.0083),-14107.297216117267
 Nguyen-5'_29_90,None,tensor(0.),<bound method Expression.r2 of <Expression.Expression object at 0x7f62301b13a0>>
 Nguyen-5'_29_91,None,tensor(0.),<bound method Expression.r2 of <Expression.Expression object at 0x7f61f03940d0>>
 Nguyen-5'_29_92,x*cosh(2*x),tensor(0.0674),-190.56088673076587
 Nguyen-5'_29_93,None,tensor(0.),<bound method Expression.r2 of <Expression.Expression object at 0x7f61eb0b5a60>>
 Nguyen-5'_29_94,None,tensor(0.),<bound method Expression.r2 of <Expression.Expression object at 0x7f6278162ac0>>
 Nguyen-5'_29_95,8*x**3,tensor(0.0452),-445.831952147732
 Nguyen-5'_29_96,None,tensor(0.),<bound method Expression.r2 of <Expression.Expression object at 0x7f622803f160>>
 Nguyen-5'_29_97,None,tensor(0.),<bound method Expression.r2 of <Expression.Expression object at 0x7f61f0170070>>
 Nguyen-5'_29_98,None,tensor(0.),<bound method Expression.r2 of <Expression.Expression object at 0x7f61e80eafd0>>
 Nguyen-5'_29_99,None,tensor(0.),<bound method Expression.r2 of <Expression.Expression object at 0x7f61f0285af0>>
 Nguyen-5'_29_100,None,tensor(0.),<bound method Expression.r2 of <Expression.Expression object at 0x7f61f0285d30>>
 Nguyen-5'_29_101,None,tensor(0.),<bound method Expression.r2 of <Expression.Expression object at 0x7f627012db80>>
 Nguyen-5'_29_102,None,tensor(0.),<bound method Expression.r2 of <Expression.Expression object at 0x7f627012d790>>
 Nguyen-5'_29_103,None,tensor(0.),<bound method Expression.r2 of <Expression.Expression object at 0x7f61eb1be880>>
 Nguyen-5'_29_104,None,tensor(0.),<bound method Expression.r2 of <Expression.Expression object at 0x7f61eb1be4f0>>
 Nguyen-5'_29_105,None,tensor(0.),<bound method Expression.r2 of <Expression.Expression object at 0x7f61eb1be7f0>>
 Nguyen-5'_29_106,x*sin(3) + x,tensor(0.0812),-126.91545389362325
 Nguyen-5'_29_107,None,tensor(0.),<bound method Expression.r2 of <Expression.Expression object at 0x7f61f046e340>>
 Nguyen-5'_29_108,None,tensor(0.),<bound method Expression.r2 of <Expression.Expression object at 0x7f61f03af730>>
 Nguyen-5'_29_109,None,tensor(0.),<bound method Expression.r2 of <Expression.Expression object at 0x7f61f03af610>>
 Nguyen-5'_29_110,None,tensor(0.),<bound method Expression.r2 of <Expression.Expression object at 0x7f61f03afdc0>>
 Nguyen-5'_29_111,x**2*sin(2),tensor(0.0722),-164.093575729801
 Nguyen-5'_29_112,None,tensor(0.),<bound method Expression.r2 of <Expression.Expression object at 0x7f61eb1bed90>>
 Nguyen-5'_29_113,None,tensor(0.),<bound method Expression.r2 of <Expression.Expression object at 0x7f61f054c250>>
 Nguyen-5'_29_114,None,tensor(0.),<bound method Expression.r2 of <Expression.Expression object at 0x7f61f03af490>>
 Nguyen-5'_29_115,None,tensor(0.),<bound method Expression.r2 of <Expression.Expression object at 0x7f6230182850>>
 Nguyen-5'_29_116,None,tensor(0.),<bound method Expression.r2 of <Expression.Expression object at 0x7f62280b4b50>>
 Nguyen-5'_29_117,None,tensor(0.),<bound method Expression.r2 of <Expression.Expression object at 0x7f6230182130>>
 Nguyen-5'_29_118,None,tensor(0.),<bound method Expression.r2 of <Expression.Expression object at 0x7f62781cfa60>>
 Nguyen-5'_29_119,None,tensor(0.),<bound method Expression.r2 of <Expression.Expression object at 0x7f627007a280>>
 Nguyen-5'_29_120,None,tensor(0.),<bound method Expression.r2 of <Expression.Expression object at 0x7f61f03ec8e0>>
 Nguyen-5'_29_121,None,tensor(0.),<bound method Expression.r2 of <Expression.Expression object at 0x7f62781c4b80>>
 Nguyen-5'_29_122,None,tensor(0.),<bound method Expression.r2 of <Expression.Expression object at 0x7f61f03942b0>>
 Nguyen-5'_29_123,None,tensor(0.),<bound method Expression.r2 of <Expression.Expression object at 0x7f6278187d30>>
 Nguyen-5'_29_124,None,tensor(0.),<bound method Expression.r2 of <Expression.Expression object at 0x7f62781d7b20>>
 Nguyen-5'_29_125,None,tensor(0.),<bound method Expression.r2 of <Expression.Expression object at 0x7f62781d7e50>>
 Nguyen-5'_29_126,None,tensor(0.),<bound method Expression.r2 of <Expression.Expression object at 0x7f6278187ac0>>
 Nguyen-5'_29_127,None,tensor(0.),<bound method Expression.r2 of <Expression.Expression object at 0x7f62780d7d30>>
 Nguyen-5'_30_0,None,tensor(0.),<bound method Expression.r2 of <Expression.Expression object at 0x7f61f054ca60>>
 Nguyen-5'_30_1,-cos(2*x)/4,tensor(0.0893),-103.11524504298882
 Nguyen-5'_30_2,None,tensor(0.),<bound method Expression.r2 of <Expression.Expression object at 0x7f62701a3fa0>>
 Nguyen-5'_30_3,None,tensor(0.),<bound method Expression.r2 of <Expression.Expression object at 0x7f62701977f0>>
 Nguyen-5'_30_4,None,tensor(0.),<bound method Expression.r2 of <Expression.Expression object at 0x7f6228054280>>
 Nguyen-5'_30_5,None,tensor(0.),<bound method Expression.r2 of <Expression.Expression object at 0x7f61f05d4bb0>>
 Nguyen-5'_30_6,None,tensor(0.),<bound method Expression.r2 of <Expression.Expression object at 0x7f622810d130>>
 Nguyen-5'_30_7,5*x**2 + x + tan(x),tensor(0.0406),-556.9047102782256
 Nguyen-5'_30_8,None,tensor(0.),<bound method Expression.r2 of <Expression.Expression object at 0x7f62301ba8e0>>
 Nguyen-5'_30_9,None,tensor(0.),<bound method Expression.r2 of <Expression.Expression object at 0x7f6270190c10>>
 Nguyen-5'_30_10,-2*x**3 + 2*x,tensor(0.0819),-124.669249763998
 Nguyen-5'_30_11,2*x**2 + 2*sin(x),tensor(0.0585),-257.755316910029
 Nguyen-5'_30_12,None,tensor(0.),<bound method Expression.r2 of <Expression.Expression object at 0x7f62281f0a90>>
 Nguyen-5'_30_13,None,tensor(0.),<bound method Expression.r2 of <Expression.Expression object at 0x7f61f03e1ca0>>
 Nguyen-5'_30_14,None,tensor(0.),<bound method Expression.r2 of <Expression.Expression object at 0x7f6278192c40>>
 Nguyen-5'_30_15,sin(x) + cos(x),tensor(0.0584),-259.03875768885496
 Nguyen-5'_30_16,None,tensor(0.),<bound method Expression.r2 of <Expression.Expression object at 0x7f62281dabb0>>
 Nguyen-5'_30_17,6*x + log(x),tensor(0.),0
 Nguyen-5'_30_18,None,tensor(0.),<bound method Expression.r2 of <Expression.Expression object at 0x7f62700b6310>>
 Nguyen-5'_30_19,x**2*(x + sin(x)),tensor(0.0807),-128.8385405184532
 Nguyen-5'_30_20,None,tensor(0.),<bound method Expression.r2 of <Expression.Expression object at 0x7f61f05eb910>>
 Nguyen-5'_30_21,None,tensor(0.),<bound method Expression.r2 of <Expression.Expression object at 0x7f61f0170c10>>
 Nguyen-5'_30_22,None,tensor(0.),<bound method Expression.r2 of <Expression.Expression object at 0x7f61f0170550>>
 Nguyen-5'_30_23,x*(x**2 + x + 3),tensor(0.0539),-306.939943160693
 Nguyen-5'_30_24,x**2 + E/x**2,tensor(4.7222e-05),-448411552.5034366
 Nguyen-5'_30_25,sin(3*x),tensor(0.0798),-131.98520828950112
 Nguyen-5'_30_26,tan(x)**6,tensor(0.0426),-504.12217601517705
 Nguyen-5'_30_27,x**2 - x + 2,tensor(0.0371),-674.3177303517942
 Nguyen-5'_30_28,None,tensor(0.),<bound method Expression.r2 of <Expression.Expression object at 0x7f61eb1f7d90>>
 Nguyen-5'_30_29,2*x + cos(4*x),tensor(0.0727),-161.54617750260775
 Nguyen-5'_30_30,None,tensor(0.),<bound method Expression.r2 of <Expression.Expression object at 0x7f627009ce20>>
 Nguyen-5'_30_31,exp(x)/2,tensor(0.0647),-207.83564688579642
 Nguyen-5'_30_32,2*x*exp(-1),tensor(0.0835),-119.62244165830985
 Nguyen-5'_30_33,None,tensor(0.),<bound method Expression.r2 of <Expression.Expression object at 0x7f62301c9940>>
 Nguyen-5'_30_34,None,tensor(0.),<bound method Expression.r2 of <Expression.Expression object at 0x7f62301c9040>>
 Nguyen-5'_30_35,None,tensor(0.),<bound method Expression.r2 of <Expression.Expression object at 0x7f62301c9280>>
 Nguyen-5'_30_36,1/(x**2 + x),tensor(0.0091),-11867.184101500403
 Nguyen-5'_30_37,None,tensor(0.),<bound method Expression.r2 of <Expression.Expression object at 0x7f61f04bedf0>>
 Nguyen-5'_30_38,x*(x + cos(1)),tensor(0.0715),-167.86855997583598
 Nguyen-5'_30_39,None,tensor(0.),<bound method Expression.r2 of <Expression.Expression object at 0x7f62281dfbe0>>
 Nguyen-5'_30_40,x + log(x),tensor(0.),0
 Nguyen-5'_30_41,-3*x + 3*log(x),tensor(0.),0
 Nguyen-5'_30_42,None,tensor(0.),<bound method Expression.r2 of <Expression.Expression object at 0x7f61f03e1f40>>
 Nguyen-5'_30_43,None,tensor(0.),<bound method Expression.r2 of <Expression.Expression object at 0x7f627803dcd0>>
 Nguyen-5'_30_44,1/x,tensor(0.0110),-8079.621116413411
 Nguyen-5'_30_45,None,tensor(0.),<bound method Expression.r2 of <Expression.Expression object at 0x7f62281da0d0>>
 Nguyen-5'_30_46,None,tensor(0.),<bound method Expression.r2 of <Expression.Expression object at 0x7f62280f54f0>>
 Nguyen-5'_30_47,None,tensor(0.),<bound method Expression.r2 of <Expression.Expression object at 0x7f62280f5640>>
 Nguyen-5'_30_48,None,tensor(0.),<bound method Expression.r2 of <Expression.Expression object at 0x7f62280f56a0>>
 Nguyen-5'_30_49,None,tensor(0.),<bound method Expression.r2 of <Expression.Expression object at 0x7f61f0174fd0>>
 Nguyen-5'_30_50,None,tensor(0.),<bound method Expression.r2 of <Expression.Expression object at 0x7f61f0174a60>>
 Nguyen-5'_30_51,None,tensor(0.),<bound method Expression.r2 of <Expression.Expression object at 0x7f61f0174490>>
 Nguyen-5'_30_52,None,tensor(0.),<bound method Expression.r2 of <Expression.Expression object at 0x7f61f0174160>>
 Nguyen-5'_30_53,x*(-x**2 + x),tensor(0.0688),-182.05159682174863
 Nguyen-5'_30_54,None,tensor(0.),<bound method Expression.r2 of <Expression.Expression object at 0x7f627018dd60>>
 Nguyen-5'_30_55,3*log(x),tensor(0.),0
 Nguyen-5'_30_56,3*x**2 + 4*x,tensor(0.0440),-471.31284322335665
 Nguyen-5'_30_57,None,tensor(0.),<bound method Expression.r2 of <Expression.Expression object at 0x7f62301bad30>>
 Nguyen-5'_30_58,None,tensor(0.),<bound method Expression.r2 of <Expression.Expression object at 0x7f62780d7c10>>
 Nguyen-5'_30_59,None,tensor(0.),<bound method Expression.r2 of <Expression.Expression object at 0x7f61f046ec40>>
 Nguyen-5'_30_60,3*sin(x),tensor(0.0663),-197.0228393624382
 Nguyen-5'_30_61,None,tensor(0.),<bound method Expression.r2 of <Expression.Expression object at 0x7f61f046ecd0>>
 Nguyen-5'_30_62,-exp(-x),tensor(0.1510),-30.62506013778348
 Nguyen-5'_30_63,None,tensor(0.),<bound method Expression.r2 of <Expression.Expression object at 0x7f61f054db80>>
 Nguyen-5'_30_64,None,tensor(0.),<bound method Expression.r2 of <Expression.Expression object at 0x7f62701f2040>>
 Nguyen-5'_30_65,None,tensor(0.),<bound method Expression.r2 of <Expression.Expression object at 0x7f62701f2550>>
 Nguyen-5'_30_66,x*(x**2 + x + 3),tensor(0.0539),-306.939943160693
 Nguyen-5'_30_67,sin(x) + cosh(x),tensor(0.0523),-327.4769786055454
 Nguyen-5'_30_68,None,tensor(0.),<bound method Expression.r2 of <Expression.Expression object at 0x7f61f03af310>>
 Nguyen-5'_30_69,None,tensor(0.),<bound method Expression.r2 of <Expression.Expression object at 0x7f61f03af040>>
 Nguyen-5'_30_70,None,tensor(0.),<bound method Expression.r2 of <Expression.Expression object at 0x7f61f03afac0>>
 Nguyen-5'_30_71,None,tensor(0.),<bound method Expression.r2 of <Expression.Expression object at 0x7f61f03af880>>
 Nguyen-5'_30_72,x*(x**2 + x + 3),tensor(0.0539),-306.939943160693
 Nguyen-5'_30_73,acos(5*x),tensor(0.),0
 Nguyen-5'_30_74,None,tensor(0.),<bound method Expression.r2 of <Expression.Expression object at 0x7f627009c6d0>>
 Nguyen-5'_30_75,cos(x + 4),tensor(0.1150),-58.2782824705357
 Nguyen-5'_30_76,x**3/8,tensor(0.0843),-117.13999034400744
 Nguyen-5'_30_77,None,tensor(0.),<bound method Expression.r2 of <Expression.Expression object at 0x7f6278071df0>>
 Nguyen-5'_30_78,None,tensor(0.),<bound method Expression.r2 of <Expression.Expression object at 0x7f61f04a2b50>>
 Nguyen-5'_30_79,None,tensor(0.),<bound method Expression.r2 of <Expression.Expression object at 0x7f61f0215880>>
 Nguyen-5'_30_80,x*(x + acos(x)),tensor(0.0794),-133.57782496308388
 Nguyen-5'_30_81,None,tensor(0.),<bound method Expression.r2 of <Expression.Expression object at 0x7f62700b6580>>
 Nguyen-5'_30_82,None,tensor(0.),<bound method Expression.r2 of <Expression.Expression object at 0x7f61f0475760>>
 Nguyen-5'_30_83,None,tensor(0.),<bound method Expression.r2 of <Expression.Expression object at 0x7f6270174640>>
 Nguyen-5'_30_84,None,tensor(0.),<bound method Expression.r2 of <Expression.Expression object at 0x7f61f02f65e0>>
 Nguyen-5'_30_85,None,tensor(0.),<bound method Expression.r2 of <Expression.Expression object at 0x7f61f054d880>>
 Nguyen-5'_30_86,None,tensor(0.),<bound method Expression.r2 of <Expression.Expression object at 0x7f61f04758e0>>
 Nguyen-5'_30_87,None,tensor(0.),<bound method Expression.r2 of <Expression.Expression object at 0x7f61f01e1310>>
 Nguyen-5'_30_88,x*(x - 2),tensor(0.0601),-243.48883834576907
 Nguyen-5'_30_89,None,tensor(0.),<bound method Expression.r2 of <Expression.Expression object at 0x7f62b802ee50>>
 Nguyen-5'_30_90,exp(x + 1),tensor(0.0307),-992.705396320471
 Nguyen-5'_30_91,x/4,tensor(0.0844),-116.68834954624776
 Nguyen-5'_30_92,None,tensor(0.),<bound method Expression.r2 of <Expression.Expression object at 0x7f623017d670>>
 Nguyen-5'_30_93,tan(x) + 1,tensor(0.0548),-296.11275105658814
 Nguyen-5'_30_94,cos(2*x)/2,tensor(0.0748),-152.01943536798242
 Nguyen-5'_30_95,None,tensor(0.),<bound method Expression.r2 of <Expression.Expression object at 0x7f627009c670>>
 Nguyen-5'_30_96,None,tensor(0.),<bound method Expression.r2 of <Expression.Expression object at 0x7f62280f5130>>
 Nguyen-5'_30_97,x**2*(x**3 + x),tensor(0.0810),-127.56826043750269
 Nguyen-5'_30_98,None,tensor(0.),<bound method Expression.r2 of <Expression.Expression object at 0x7f62780a8f10>>
 Nguyen-5'_30_99,1/tan(x/2),tensor(0.0055),-32240.801600658666
 Nguyen-5'_30_100,None,tensor(0.),<bound method Expression.r2 of <Expression.Expression object at 0x7f62701e5e20>>
 Nguyen-5'_30_101,None,tensor(0.),<bound method Expression.r2 of <Expression.Expression object at 0x7f61f018ffa0>>
 Nguyen-5'_30_102,2*sqrt(2)*x**2,tensor(0.0540),-306.0020121712066
 Nguyen-5'_30_103,x + cos(4),tensor(0.1172),-55.74201243363525
 Nguyen-5'_30_104,cos(x/2),tensor(0.0563),-280.45920380553173
 Nguyen-5'_30_105,None,tensor(0.),<bound method Expression.r2 of <Expression.Expression object at 0x7f62781622e0>>
 Nguyen-5'_30_106,None,tensor(0.),<bound method Expression.r2 of <Expression.Expression object at 0x7f61e80ef280>>
 Nguyen-5'_30_107,None,tensor(0.),<bound method Expression.r2 of <Expression.Expression object at 0x7f61e80efc70>>
 Nguyen-5'_30_108,4*x**2*exp(x),tensor(0.0381),-637.1496655123576
 Nguyen-5'_30_109,4*cosh(x)**2,tensor(0.0209),-2201.0229399355126
 Nguyen-5'_30_110,4*x + exp(x),tensor(0.0389),-609.7890608479904
 Nguyen-5'_30_111,None,tensor(0.),<bound method Expression.r2 of <Expression.Expression object at 0x7f6270105910>>
 Nguyen-5'_30_112,None,tensor(0.),<bound method Expression.r2 of <Expression.Expression object at 0x7f622808a040>>
 Nguyen-5'_30_113,x + cosh(x),tensor(0.0522),-328.49994018764505
 Nguyen-5'_30_114,None,tensor(0.),<bound method Expression.r2 of <Expression.Expression object at 0x7f622808a9d0>>
 Nguyen-5'_30_115,None,tensor(0.),<bound method Expression.r2 of <Expression.Expression object at 0x7f622808af40>>
 Nguyen-5'_30_116,None,tensor(0.),<bound method Expression.r2 of <Expression.Expression object at 0x7f622808a520>>
 Nguyen-5'_30_117,None,tensor(0.),<bound method Expression.r2 of <Expression.Expression object at 0x7f622808a0a0>>
 Nguyen-5'_30_118,None,tensor(0.),<bound method Expression.r2 of <Expression.Expression object at 0x7f622808a5e0>>
 Nguyen-5'_30_119,None,tensor(0.),<bound method Expression.r2 of <Expression.Expression object at 0x7f622808a400>>
 Nguyen-5'_30_120,None,tensor(0.),<bound method Expression.r2 of <Expression.Expression object at 0x7f622808ad00>>
 Nguyen-5'_30_121,None,tensor(0.),<bound method Expression.r2 of <Expression.Expression object at 0x7f622808a250>>
 Nguyen-5'_30_122,None,tensor(0.),<bound method Expression.r2 of <Expression.Expression object at 0x7f622808afa0>>
 Nguyen-5'_30_123,None,tensor(0.),<bound method Expression.r2 of <Expression.Expression object at 0x7f622808a550>>
 Nguyen-5'_30_124,None,tensor(0.),<bound method Expression.r2 of <Expression.Expression object at 0x7f622808a160>>
 Nguyen-5'_30_125,3*x + 5,tensor(0.0233),-1763.7106145594798
 Nguyen-5'_30_126,None,tensor(0.),<bound method Expression.r2 of <Expression.Expression object at 0x7f62281f46a0>>
 Nguyen-5'_30_127,None,tensor(0.),<bound method Expression.r2 of <Expression.Expression object at 0x7f62281f4c10>>
 Nguyen-5'_31_0,None,tensor(0.),<bound method Expression.r2 of <Expression.Expression object at 0x7f623012e5b0>>
 Nguyen-5'_31_1,None,tensor(0.),<bound method Expression.r2 of <Expression.Expression object at 0x7f62301f5d30>>
 Nguyen-5'_31_2,x*(3*x + 15),tensor(0.0177),-3095.9372655870975
 Nguyen-5'_31_3,None,tensor(0.),<bound method Expression.r2 of <Expression.Expression object at 0x7f62281f4d60>>
 Nguyen-5'_31_4,None,tensor(0.),<bound method Expression.r2 of <Expression.Expression object at 0x7f6270175d90>>
 Nguyen-5'_31_5,None,tensor(0.),<bound method Expression.r2 of <Expression.Expression object at 0x7f61f0170ca0>>
 Nguyen-5'_31_6,None,tensor(0.),<bound method Expression.r2 of <Expression.Expression object at 0x7f61f0285460>>
 Nguyen-5'_31_7,None,tensor(0.),<bound method Expression.r2 of <Expression.Expression object at 0x7f61f0174b80>>
 Nguyen-5'_31_8,2*sin(x),tensor(0.0756),-148.64774943755546
 Nguyen-5'_31_9,None,tensor(0.),<bound method Expression.r2 of <Expression.Expression object at 0x7f61eb1f7760>>
 Nguyen-5'_31_10,x**2*tan(4),tensor(0.0693),-179.11446762538245
 Nguyen-5'_31_11,None,tensor(0.),<bound method Expression.r2 of <Expression.Expression object at 0x7f61f036fd00>>
 Nguyen-5'_31_12,1/(2*x),tensor(0.0215),-2070.7555108485103
 Nguyen-5'_31_13,cos(x + 5),tensor(0.0741),-154.95061583066425
 Nguyen-5'_31_14,None,tensor(0.),<bound method Expression.r2 of <Expression.Expression object at 0x7f62701f1a60>>
 Nguyen-5'_31_15,x + 3*log(x),tensor(0.),0
 Nguyen-5'_31_16,None,tensor(0.),<bound method Expression.r2 of <Expression.Expression object at 0x7f62701f2310>>
 Nguyen-5'_31_17,None,tensor(0.),<bound method Expression.r2 of <Expression.Expression object at 0x7f6270174e20>>
 Nguyen-5'_31_18,55*cos(x),tensor(0.0034),-87766.05706128906
 Nguyen-5'_31_19,None,tensor(0.),<bound method Expression.r2 of <Expression.Expression object at 0x7f61f0573190>>
 Nguyen-5'_31_20,None,tensor(0.),<bound method Expression.r2 of <Expression.Expression object at 0x7f61f0174430>>
 Nguyen-5'_31_21,None,tensor(0.),<bound method Expression.r2 of <Expression.Expression object at 0x7f61f0174400>>
 Nguyen-5'_31_22,None,tensor(0.),<bound method Expression.r2 of <Expression.Expression object at 0x7f627817bd60>>
 Nguyen-5'_31_23,None,tensor(0.),<bound method Expression.r2 of <Expression.Expression object at 0x7f61f01e1940>>
 Nguyen-5'_31_24,None,tensor(0.),<bound method Expression.r2 of <Expression.Expression object at 0x7f62781cf4f0>>
 Nguyen-5'_31_25,None,tensor(0.),<bound method Expression.r2 of <Expression.Expression object at 0x7f61eb1f3f70>>
 Nguyen-5'_31_26,None,tensor(0.),<bound method Expression.r2 of <Expression.Expression object at 0x7f6228054820>>
 Nguyen-5'_31_27,None,tensor(0.),<bound method Expression.r2 of <Expression.Expression object at 0x7f623018e460>>
 Nguyen-5'_31_28,None,tensor(0.),<bound method Expression.r2 of <Expression.Expression object at 0x7f62701d1550>>
 Nguyen-5'_31_29,x*exp(x) - x,tensor(0.0703),-173.84577679431084
 Nguyen-5'_31_30,None,tensor(0.),<bound method Expression.r2 of <Expression.Expression object at 0x7f62701d1400>>
 Nguyen-5'_31_31,None,tensor(0.),<bound method Expression.r2 of <Expression.Expression object at 0x7f62701d1b20>>
 Nguyen-5'_31_32,None,tensor(0.),<bound method Expression.r2 of <Expression.Expression object at 0x7f62701d16d0>>
 Nguyen-5'_31_33,1/(4 - x),tensor(0.0744),-153.72473854195067
 Nguyen-5'_31_34,x**6*(x*log(x) + x),tensor(0.),0
 Nguyen-5'_31_35,None,tensor(0.),<bound method Expression.r2 of <Expression.Expression object at 0x7f622808a880>>
 Nguyen-5'_31_36,None,tensor(0.),<bound method Expression.r2 of <Expression.Expression object at 0x7f61f0541df0>>
 Nguyen-5'_31_37,None,tensor(0.),<bound method Expression.r2 of <Expression.Expression object at 0x7f61f0264a90>>
 Nguyen-5'_31_38,-1/(2*x),tensor(0.0208),-2220.2901357054507
 Nguyen-5'_31_39,None,tensor(0.),<bound method Expression.r2 of <Expression.Expression object at 0x7f61f0264490>>
 Nguyen-5'_31_40,sin(2*x),tensor(0.0797),-132.51234115504562
 Nguyen-5'_31_41,None,tensor(0.),<bound method Expression.r2 of <Expression.Expression object at 0x7f62301f02e0>>
 Nguyen-5'_31_42,None,tensor(0.),<bound method Expression.r2 of <Expression.Expression object at 0x7f62301f03d0>>
 Nguyen-5'_31_43,5/x,tensor(0.0022),-202157.73599277355
 Nguyen-5'_31_44,x**2*(sqrt(x) - x),tensor(0.),0
 Nguyen-5'_31_45,x**3/7,tensor(0.0843),-117.08241811090888
 Nguyen-5'_31_46,5/sinh(x),tensor(0.0022),-201867.99912619437
 Nguyen-5'_31_47,-log(cos(2*x)),tensor(0.),0
 Nguyen-5'_31_48,None,tensor(0.),<bound method Expression.r2 of <Expression.Expression object at 0x7f6228054520>>
 Nguyen-5'_31_49,None,tensor(0.),<bound method Expression.r2 of <Expression.Expression object at 0x7f62701f1070>>
 Nguyen-5'_31_50,None,tensor(0.),<bound method Expression.r2 of <Expression.Expression object at 0x7f61f04c2c70>>
 Nguyen-5'_31_51,None,tensor(0.),<bound method Expression.r2 of <Expression.Expression object at 0x7f62301c91c0>>
 Nguyen-5'_31_52,None,tensor(0.),<bound method Expression.r2 of <Expression.Expression object at 0x7f6270197580>>
 Nguyen-5'_31_53,None,tensor(0.),<bound method Expression.r2 of <Expression.Expression object at 0x7f62781dd7c0>>
 Nguyen-5'_31_54,None,tensor(0.),<bound method Expression.r2 of <Expression.Expression object at 0x7f61f05eb550>>
 Nguyen-5'_31_55,None,tensor(0.),<bound method Expression.r2 of <Expression.Expression object at 0x7f62781877f0>>
 Nguyen-5'_31_56,16*x**3,tensor(0.0251),-1506.50209044778
 Nguyen-5'_31_57,None,tensor(0.),<bound method Expression.r2 of <Expression.Expression object at 0x7f61f0349be0>>
 Nguyen-5'_31_58,None,tensor(0.),<bound method Expression.r2 of <Expression.Expression object at 0x7f61f04a2220>>
 Nguyen-5'_31_59,None,tensor(0.),<bound method Expression.r2 of <Expression.Expression object at 0x7f61eb09b6d0>>
 Nguyen-5'_31_60,x*atan(x),tensor(0.0729),-160.82546932395837
 Nguyen-5'_31_61,-3*x + exp(x),tensor(0.0475),-401.6721069141119
 Nguyen-5'_31_62,1/(x**3 + x),tensor(0.0110),-8031.101590111708
 Nguyen-5'_31_63,None,tensor(0.),<bound method Expression.r2 of <Expression.Expression object at 0x7f62701181f0>>
 Nguyen-5'_31_64,None,tensor(0.),<bound method Expression.r2 of <Expression.Expression object at 0x7f62700f44f0>>
 Nguyen-5'_31_65,None,tensor(0.),<bound method Expression.r2 of <Expression.Expression object at 0x7f61f05eba00>>
 Nguyen-5'_31_66,None,tensor(0.),<bound method Expression.r2 of <Expression.Expression object at 0x7f62780d6190>>
 Nguyen-5'_31_67,None,tensor(0.),<bound method Expression.r2 of <Expression.Expression object at 0x7f61f0349a30>>
 Nguyen-5'_31_68,4*x*(x + 6),tensor(0.0113),-7685.449428955605
 Nguyen-5'_31_69,None,tensor(0.),<bound method Expression.r2 of <Expression.Expression object at 0x7f6278058d00>>
 Nguyen-5'_31_70,2*x**2 + x,tensor(0.0608),-237.6493620537447
 Nguyen-5'_31_71,None,tensor(0.),<bound method Expression.r2 of <Expression.Expression object at 0x7f6228054b80>>
 Nguyen-5'_31_72,x**2*(x + 4),tensor(0.0468),-414.41857552158353
 Nguyen-5'_31_73,None,tensor(0.),<bound method Expression.r2 of <Expression.Expression object at 0x7f62700de730>>
 Nguyen-5'_31_74,x*(x - 2) + x,tensor(0.0670),-193.0629990076475
 Nguyen-5'_31_75,x*(x**2 + x),tensor(0.0714),-168.31339805682515
 Nguyen-5'_31_76,None,tensor(0.),<bound method Expression.r2 of <Expression.Expression object at 0x7f61f018f130>>
 Nguyen-5'_31_77,x*log(x) + 35*x,tensor(0.),0
 Nguyen-5'_31_78,1,tensor(0.),0
 Nguyen-5'_31_79,8/3,tensor(0.),0
 Nguyen-5'_31_80,None,tensor(0.),<bound method Expression.r2 of <Expression.Expression object at 0x7f627009c070>>
 Nguyen-5'_31_81,x/(4*x + 3),tensor(0.0340),-804.091172665265
 Nguyen-5'_31_82,None,tensor(0.),<bound method Expression.r2 of <Expression.Expression object at 0x7f62701f2cd0>>
 Nguyen-5'_31_83,1/(x**3 + x),tensor(0.0110),-8031.101590111708
 Nguyen-5'_31_84,None,tensor(0.),<bound method Expression.r2 of <Expression.Expression object at 0x7f61f03ecb50>>
 Nguyen-5'_31_85,None,tensor(0.),<bound method Expression.r2 of <Expression.Expression object at 0x7f61f01e1c70>>
 Nguyen-5'_31_86,None,tensor(0.),<bound method Expression.r2 of <Expression.Expression object at 0x7f62701e5670>>
 Nguyen-5'_31_87,None,tensor(0.),<bound method Expression.r2 of <Expression.Expression object at 0x7f62701d19a0>>
 Nguyen-5'_31_88,7/x,tensor(0.0016),-396534.9201188477
 Nguyen-5'_31_89,None,tensor(0.),<bound method Expression.r2 of <Expression.Expression object at 0x7f62701f1880>>
 Nguyen-5'_31_90,None,tensor(0.),<bound method Expression.r2 of <Expression.Expression object at 0x7f61f036f040>>
 Nguyen-5'_31_91,None,tensor(0.),<bound method Expression.r2 of <Expression.Expression object at 0x7f622808adc0>>
 Nguyen-5'_31_92,-x + exp(-x),tensor(0.0467),-415.90785130608293
 Nguyen-5'_31_93,x**2*tan(2)/2,tensor(0.1003),-79.51549164680708
 Nguyen-5'_31_94,3*x*(2*x + 3),tensor(0.0249),-1530.1124797765633
 Nguyen-5'_31_95,None,tensor(0.),<bound method Expression.r2 of <Expression.Expression object at 0x7f62781f4520>>
 Nguyen-5'_31_96,None,tensor(0.),<bound method Expression.r2 of <Expression.Expression object at 0x7f61f03af100>>
 Nguyen-5'_31_97,None,tensor(0.),<bound method Expression.r2 of <Expression.Expression object at 0x7f61f03af070>>
 Nguyen-5'_31_98,None,tensor(0.),<bound method Expression.r2 of <Expression.Expression object at 0x7f61f03af460>>
 Nguyen-5'_31_99,None,tensor(0.),<bound method Expression.r2 of <Expression.Expression object at 0x7f61f03af2e0>>
 Nguyen-5'_31_100,None,tensor(0.),<bound method Expression.r2 of <Expression.Expression object at 0x7f61f03af4f0>>
 Nguyen-5'_31_101,None,tensor(0.),<bound method Expression.r2 of <Expression.Expression object at 0x7f61f03af2b0>>
 Nguyen-5'_31_102,3/sin(x),tensor(0.0037),-72791.29870858432
 Nguyen-5'_31_103,sin(x) - cos(x),tensor(0.1362),-39.18954372819287
 Nguyen-5'_31_104,None,tensor(0.),<bound method Expression.r2 of <Expression.Expression object at 0x7f62780d77f0>>
 Nguyen-5'_31_105,3*x**5/5,tensor(0.0843),-116.91706571587119
 Nguyen-5'_31_106,-sinh(x),tensor(0.0772),-142.0208951653675
 Nguyen-5'_31_107,None,tensor(0.),<bound method Expression.r2 of <Expression.Expression object at 0x7f623017dc10>>
 Nguyen-5'_31_108,None,tensor(0.),<bound method Expression.r2 of <Expression.Expression object at 0x7f61f0264850>>
 Nguyen-5'_31_109,None,tensor(0.),<bound method Expression.r2 of <Expression.Expression object at 0x7f61f0264d60>>
 Nguyen-5'_31_110,log(x**2),tensor(0.0845),-116.33072216247822
 Nguyen-5'_31_111,110*x**9,tensor(0.0067),-22113.66293108246
 Nguyen-5'_31_112,None,tensor(0.),<bound method Expression.r2 of <Expression.Expression object at 0x7f62701d17f0>>
 Nguyen-5'_31_113,(x - 1)*exp(x),tensor(0.1442),-34.207742444928634
 Nguyen-5'_31_114,None,tensor(0.),<bound method Expression.r2 of <Expression.Expression object at 0x7f62300f20d0>>
 Nguyen-5'_31_115,26,tensor(0.),0
 Nguyen-5'_31_116,None,tensor(0.),<bound method Expression.r2 of <Expression.Expression object at 0x7f622808aa60>>
 Nguyen-5'_31_117,x**(-3/2),tensor(0.),0
 Nguyen-5'_31_118,6*x + 5*log(x),tensor(0.),0
 Nguyen-5'_31_119,None,tensor(0.),<bound method Expression.r2 of <Expression.Expression object at 0x7f61f018fa90>>
 Nguyen-5'_31_120,None,tensor(0.),<bound method Expression.r2 of <Expression.Expression object at 0x7f62301c9eb0>>
 Nguyen-5'_31_121,None,tensor(0.),<bound method Expression.r2 of <Expression.Expression object at 0x7f6228054f70>>
 Nguyen-5'_31_122,None,tensor(0.),<bound method Expression.r2 of <Expression.Expression object at 0x7f62780a8760>>
 Nguyen-5'_31_123,x*cos(2*x),tensor(0.0835),-119.57821660317391
 Nguyen-5'_31_124,3*x*log(x),tensor(0.),0
 Nguyen-5'_31_125,None,tensor(0.),<bound method Expression.r2 of <Expression.Expression object at 0x7f61f0283c10>>
 Nguyen-5'_31_126,None,tensor(0.),<bound method Expression.r2 of <Expression.Expression object at 0x7f61f05eb9a0>>
 Nguyen-5'_31_127,None,tensor(0.),<bound method Expression.r2 of <Expression.Expression object at 0x7f62301ba790>>
 Nguyen-5'_32_0,None,tensor(0.),<bound method Expression.r2 of <Expression.Expression object at 0x7f61f054c220>>
 Nguyen-5'_32_1,None,tensor(0.),<bound method Expression.r2 of <Expression.Expression object at 0x7f61e80ea4c0>>
 Nguyen-5'_32_2,None,tensor(0.),<bound method Expression.r2 of <Expression.Expression object at 0x7f61e80ef130>>
 Nguyen-5'_32_3,x**2/acos(2) + x,tensor(0.),0
 Nguyen-5'_32_4,None,tensor(0.),<bound method Expression.r2 of <Expression.Expression object at 0x7f62280546d0>>
 Nguyen-5'_32_5,-cos(x),tensor(0.1485),-31.872400883989044
 Nguyen-5'_32_6,None,tensor(0.),<bound method Expression.r2 of <Expression.Expression object at 0x7f623012e760>>
 Nguyen-5'_32_7,None,tensor(0.),<bound method Expression.r2 of <Expression.Expression object at 0x7f61f03497f0>>
 Nguyen-5'_32_8,None,tensor(0.),<bound method Expression.r2 of <Expression.Expression object at 0x7f61f0349820>>
 Nguyen-5'_32_9,None,tensor(0.),<bound method Expression.r2 of <Expression.Expression object at 0x7f61e80ef070>>
 Nguyen-5'_32_10,None,tensor(0.),<bound method Expression.r2 of <Expression.Expression object at 0x7f62281f3640>>
 Nguyen-5'_32_11,-x*(x + 1),tensor(0.0907),-99.57681176548881
 Nguyen-5'_32_12,2*cos(x) + 6,tensor(0.0169),-3371.828722049275
 Nguyen-5'_32_13,None,tensor(0.),<bound method Expression.r2 of <Expression.Expression object at 0x7f61f0170100>>
 Nguyen-5'_32_14,None,tensor(0.),<bound method Expression.r2 of <Expression.Expression object at 0x7f62700de9d0>>
 Nguyen-5'_32_15,None,tensor(0.),<bound method Expression.r2 of <Expression.Expression object at 0x7f61f03afd90>>
 Nguyen-5'_32_16,None,tensor(0.),<bound method Expression.r2 of <Expression.Expression object at 0x7f61f03afa00>>
 Nguyen-5'_32_17,2*x*tan(1),tensor(0.0623),-225.3986881847746
 Nguyen-5'_32_18,None,tensor(0.),<bound method Expression.r2 of <Expression.Expression object at 0x7f6278187910>>
 Nguyen-5'_32_19,x*exp(-x),tensor(0.0912),-98.22745764997316
 Nguyen-5'_32_20,3*x + 5,tensor(0.0233),-1763.7106145594798
 Nguyen-5'_32_21,None,tensor(0.),<bound method Expression.r2 of <Expression.Expression object at 0x7f61f0530af0>>
 Nguyen-5'_32_22,None,tensor(0.),<bound method Expression.r2 of <Expression.Expression object at 0x7f61f036b520>>
 Nguyen-5'_32_23,None,tensor(0.),<bound method Expression.r2 of <Expression.Expression object at 0x7f61f036bc40>>
 Nguyen-5'_32_24,None,tensor(0.),<bound method Expression.r2 of <Expression.Expression object at 0x7f61f036b880>>
 Nguyen-5'_32_25,-6*sin(x),tensor(0.0408),-550.6184023352884
 Nguyen-5'_32_26,None,tensor(0.),<bound method Expression.r2 of <Expression.Expression object at 0x7f62301b12e0>>
 Nguyen-5'_32_27,x**2/2,tensor(0.0773),-141.53179585519172
 Nguyen-5'_32_28,None,tensor(0.),<bound method Expression.r2 of <Expression.Expression object at 0x7f61f0541580>>
 Nguyen-5'_32_29,None,tensor(0.),<bound method Expression.r2 of <Expression.Expression object at 0x7f62701749a0>>
 Nguyen-5'_32_30,None,tensor(0.),<bound method Expression.r2 of <Expression.Expression object at 0x7f623017d220>>
 Nguyen-5'_32_31,None,tensor(0.),<bound method Expression.r2 of <Expression.Expression object at 0x7f61f03a9640>>
 Nguyen-5'_32_32,None,tensor(0.),<bound method Expression.r2 of <Expression.Expression object at 0x7f61f03a9ac0>>
 Nguyen-5'_32_33,None,tensor(0.),<bound method Expression.r2 of <Expression.Expression object at 0x7f62280b7370>>
 Nguyen-5'_32_34,x,tensor(0.0821),-123.87640063774847
 Nguyen-5'_32_35,None,tensor(0.),<bound method Expression.r2 of <Expression.Expression object at 0x7f61f056e2b0>>
 Nguyen-5'_32_36,None,tensor(0.),<bound method Expression.r2 of <Expression.Expression object at 0x7f62301d6970>>
 Nguyen-5'_32_37,None,tensor(0.),<bound method Expression.r2 of <Expression.Expression object at 0x7f62301d6460>>
 Nguyen-5'_32_38,tan(x + 4),tensor(0.0158),-3883.3525173367125
 Nguyen-5'_32_39,None,tensor(0.),<bound method Expression.r2 of <Expression.Expression object at 0x7f61eb0b67c0>>
 Nguyen-5'_32_40,None,tensor(0.),<bound method Expression.r2 of <Expression.Expression object at 0x7f61f02a52b0>>
 Nguyen-5'_32_41,None,tensor(0.),<bound method Expression.r2 of <Expression.Expression object at 0x7f61f02a5130>>
 Nguyen-5'_32_42,log(cos(3*x))/3,tensor(0.),0
 Nguyen-5'_32_43,None,tensor(0.),<bound method Expression.r2 of <Expression.Expression object at 0x7f627009c6a0>>
 Nguyen-5'_32_44,None,tensor(0.),<bound method Expression.r2 of <Expression.Expression object at 0x7f61eb1f7e50>>
 Nguyen-5'_32_45,None,tensor(0.),<bound method Expression.r2 of <Expression.Expression object at 0x7f61eb1f7dc0>>
 Nguyen-5'_32_46,None,tensor(0.),<bound method Expression.r2 of <Expression.Expression object at 0x7f61eb1f7100>>
 Nguyen-5'_32_47,x**3*acos(x),tensor(0.0892),-103.23407274311764
 Nguyen-5'_32_48,x*(x + cos(3)),tensor(0.0670),-192.69392009133574
 Nguyen-5'_32_49,None,tensor(0.),<bound method Expression.r2 of <Expression.Expression object at 0x7f62781f4370>>
 Nguyen-5'_32_50,None,tensor(0.),<bound method Expression.r2 of <Expression.Expression object at 0x7f6270118940>>
 Nguyen-5'_32_51,None,tensor(0.),<bound method Expression.r2 of <Expression.Expression object at 0x7f62781cf280>>
 Nguyen-5'_32_52,None,tensor(0.),<bound method Expression.r2 of <Expression.Expression object at 0x7f61eb09b550>>
 Nguyen-5'_32_53,None,tensor(0.),<bound method Expression.r2 of <Expression.Expression object at 0x7f627011fbe0>>
 Nguyen-5'_32_54,None,tensor(0.),<bound method Expression.r2 of <Expression.Expression object at 0x7f627011f0d0>>
 Nguyen-5'_32_55,None,tensor(0.),<bound method Expression.r2 of <Expression.Expression object at 0x7f627011fc70>>
 Nguyen-5'_32_56,None,tensor(0.),<bound method Expression.r2 of <Expression.Expression object at 0x7f627011f2e0>>
 Nguyen-5'_32_57,-1/cos(exp(2*x)),tensor(0.0072),-18955.890462806226
 Nguyen-5'_32_58,3*cos(acosh(x)),tensor(0.),0
 Nguyen-5'_32_59,cosh(x + 1),tensor(0.0432),-489.12925507067337
 Nguyen-5'_32_60,None,tensor(0.),<bound method Expression.r2 of <Expression.Expression object at 0x7f61f0285eb0>>
 Nguyen-5'_32_61,None,tensor(0.),<bound method Expression.r2 of <Expression.Expression object at 0x7f6278089880>>
 Nguyen-5'_32_62,None,tensor(0.),<bound method Expression.r2 of <Expression.Expression object at 0x7f62780893a0>>
 Nguyen-5'_32_63,None,tensor(0.),<bound method Expression.r2 of <Expression.Expression object at 0x7f6278089220>>
 Nguyen-5'_32_64,None,tensor(0.),<bound method Expression.r2 of <Expression.Expression object at 0x7f62780892b0>>
 Nguyen-5'_32_65,5*tan(x),tensor(0.0383),-630.4322514961375
 Nguyen-5'_32_66,None,tensor(0.),<bound method Expression.r2 of <Expression.Expression object at 0x7f61e80ef790>>
 Nguyen-5'_32_67,None,tensor(0.),<bound method Expression.r2 of <Expression.Expression object at 0x7f61e80ef430>>
 Nguyen-5'_32_68,None,tensor(0.),<bound method Expression.r2 of <Expression.Expression object at 0x7f61e80ef1f0>>
 Nguyen-5'_32_69,x**2 + asin(x),tensor(0.0699),-175.8957103006054
 Nguyen-5'_32_70,cos(2*x**2),tensor(0.0617),-230.3201548548843
 Nguyen-5'_32_71,None,tensor(0.),<bound method Expression.r2 of <Expression.Expression object at 0x7f61f01740d0>>
 Nguyen-5'_32_72,None,tensor(0.),<bound method Expression.r2 of <Expression.Expression object at 0x7f62281797f0>>
 Nguyen-5'_32_73,None,tensor(0.),<bound method Expression.r2 of <Expression.Expression object at 0x7f62301c92e0>>
 Nguyen-5'_32_74,x*(x - tan(1)),tensor(0.0633),-217.86209920383223
 Nguyen-5'_32_75,exp(x/2),tensor(0.0549),-295.42253667793045
 Nguyen-5'_32_76,x*(x**4 + x + 4),tensor(0.0483),-387.7002447650008
 Nguyen-5'_32_77,2*x - 1,tensor(0.1059),-70.3324544953188
 Nguyen-5'_32_78,None,tensor(0.),<bound method Expression.r2 of <Expression.Expression object at 0x7f62301aefa0>>
 Nguyen-5'_32_79,None,tensor(0.),<bound method Expression.r2 of <Expression.Expression object at 0x7f627011fbb0>>
 Nguyen-5'_32_80,acosh(x)/2,tensor(0.),0
 Nguyen-5'_32_81,None,tensor(0.),<bound method Expression.r2 of <Expression.Expression object at 0x7f61eb0b69a0>>
 Nguyen-5'_32_82,None,tensor(0.),<bound method Expression.r2 of <Expression.Expression object at 0x7f61f05eba60>>
 Nguyen-5'_32_83,None,tensor(0.),<bound method Expression.r2 of <Expression.Expression object at 0x7f61f04dc9d0>>
 Nguyen-5'_32_84,2*x*acos(x),tensor(0.0665),-196.36217508040951
 Nguyen-5'_32_85,None,tensor(0.),<bound method Expression.r2 of <Expression.Expression object at 0x7f61f0170cd0>>
 Nguyen-5'_32_86,None,tensor(0.),<bound method Expression.r2 of <Expression.Expression object at 0x7f6278187520>>
 Nguyen-5'_32_87,zoo,tensor(0.),0
 Nguyen-5'_32_88,None,tensor(0.),<bound method Expression.r2 of <Expression.Expression object at 0x7f61f03afd00>>
 Nguyen-5'_32_89,1,tensor(0.),0
 Nguyen-5'_32_90,1/2,tensor(0.),0
 Nguyen-5'_32_91,None,tensor(0.),<bound method Expression.r2 of <Expression.Expression object at 0x7f6278068280>>
 Nguyen-5'_32_92,4*x - 2*log(x),tensor(0.),0
 Nguyen-5'_32_93,None,tensor(0.),<bound method Expression.r2 of <Expression.Expression object at 0x7f6278123d00>>
 Nguyen-5'_32_94,None,tensor(0.),<bound method Expression.r2 of <Expression.Expression object at 0x7f62280d1100>>
 Nguyen-5'_32_95,tan(x + 2),tensor(0.0093),-11379.49002804135
 Nguyen-5'_32_96,None,tensor(0.),<bound method Expression.r2 of <Expression.Expression object at 0x7f623012e640>>
 Nguyen-5'_32_97,x - log(cos(x)),tensor(0.0754),-149.35875313239637
 Nguyen-5'_32_98,None,tensor(0.),<bound method Expression.r2 of <Expression.Expression object at 0x7f61f042bee0>>
 Nguyen-5'_32_99,None,tensor(0.),<bound method Expression.r2 of <Expression.Expression object at 0x7f62281dfb50>>
 Nguyen-5'_32_100,1/cos(2*x),tensor(0.0036),-75968.93975463837
 Nguyen-5'_32_101,-log(x**2 + 1),tensor(0.0960),-87.57515978777263
 Nguyen-5'_32_102,acos(x/2),tensor(0.0459),-431.743585244847
 Nguyen-5'_32_103,None,tensor(0.),<bound method Expression.r2 of <Expression.Expression object at 0x7f61f037f490>>
 Nguyen-5'_32_104,5*x**2/3,tensor(0.0640),-212.98441443312663
 Nguyen-5'_32_105,None,tensor(0.),<bound method Expression.r2 of <Expression.Expression object at 0x7f62701351f0>>
 Nguyen-5'_32_106,sin(x - 5),tensor(0.0595),-248.78113237362138
 Nguyen-5'_32_107,None,tensor(0.),<bound method Expression.r2 of <Expression.Expression object at 0x7f627817f040>>
 Nguyen-5'_32_108,sqrt(x) + 3*x,tensor(0.),0
 Nguyen-5'_32_109,asinh(x)**2,tensor(0.0729),-160.56479057409993
 Nguyen-5'_32_110,2*cosh(x),tensor(0.0378),-647.6375367123765
 Nguyen-5'_32_111,x**2*exp(-5)/2,tensor(0.0840),-117.79260649442605
 Nguyen-5'_32_112,x*(x + 1) + x,tensor(0.0655),-202.72234963849672
 Nguyen-5'_32_113,None,tensor(0.),<bound method Expression.r2 of <Expression.Expression object at 0x7f61eb1f3340>>
 Nguyen-5'_32_114,None,tensor(0.),<bound method Expression.r2 of <Expression.Expression object at 0x7f61f04f5ee0>>
 Nguyen-5'_32_115,-x + tan(5),tensor(0.0887),-104.52792078513184
 Nguyen-5'_32_116,x**3 + 1,tensor(0.0556),-287.0017734331042
 Nguyen-5'_32_117,None,tensor(0.),<bound method Expression.r2 of <Expression.Expression object at 0x7f61f056ec10>>
 Nguyen-5'_32_118,None,tensor(0.),<bound method Expression.r2 of <Expression.Expression object at 0x7f62781f4f40>>
 Nguyen-5'_32_119,x + 4*log(x),tensor(0.),0
 Nguyen-5'_32_120,x*(1 - x) + x,tensor(0.0811),-127.30476128599338
 Nguyen-5'_32_121,cosh(x)**2,tensor(0.0483),-387.84728281479755
 Nguyen-5'_32_122,sqrt(x + 3),tensor(0.0446),-457.13099404903113
 Nguyen-5'_32_123,None,tensor(0.),<bound method Expression.r2 of <Expression.Expression object at 0x7f6278089940>>
 Nguyen-5'_32_124,None,tensor(0.),<bound method Expression.r2 of <Expression.Expression object at 0x7f61eb1dfdc0>>
 Nguyen-5'_32_125,zoo,tensor(0.),0
 Nguyen-5'_32_126,None,tensor(0.),<bound method Expression.r2 of <Expression.Expression object at 0x7f61d0196250>>
 Nguyen-5'_32_127,None,tensor(0.),<bound method Expression.r2 of <Expression.Expression object at 0x7f61d01962e0>>
 Nguyen-5'_33_0,x + asinh(x + 2),tensor(0.0481),-390.80151227840827
 Nguyen-5'_33_1,None,tensor(0.),<bound method Expression.r2 of <Expression.Expression object at 0x7f61f0340b80>>
 Nguyen-5'_33_2,None,tensor(0.),<bound method Expression.r2 of <Expression.Expression object at 0x7f61f01705b0>>
 Nguyen-5'_33_3,x*exp(2*x),tensor(0.0494),-369.8611313423292
 Nguyen-5'_33_4,5*x + log(x),tensor(0.),0
 Nguyen-5'_33_5,None,tensor(0.),<bound method Expression.r2 of <Expression.Expression object at 0x7f61f0394d60>>
 Nguyen-5'_33_6,2 - x,tensor(0.0403),-565.8458871572418
 Nguyen-5'_33_7,None,tensor(0.),<bound method Expression.r2 of <Expression.Expression object at 0x7f622808ab20>>
 Nguyen-5'_33_8,None,tensor(0.),<bound method Expression.r2 of <Expression.Expression object at 0x7f61f04f53d0>>
 Nguyen-5'_33_9,None,tensor(0.),<bound method Expression.r2 of <Expression.Expression object at 0x7f61eb09bd90>>
 Nguyen-5'_33_10,None,tensor(0.),<bound method Expression.r2 of <Expression.Expression object at 0x7f61eb09b160>>
 Nguyen-5'_33_11,None,tensor(0.),<bound method Expression.r2 of <Expression.Expression object at 0x7f61eb09b400>>
 Nguyen-5'_33_12,x*exp(2*x) + x,tensor(0.0457),-434.4196425792181
 Nguyen-5'_33_13,-x/2,tensor(0.0819),-124.58812989023588
 Nguyen-5'_33_14,x**3*asinh(x),tensor(0.0765),-144.59114105933918
 Nguyen-5'_33_15,None,tensor(0.),<bound method Expression.r2 of <Expression.Expression object at 0x7f61f0202eb0>>
 Nguyen-5'_33_16,None,tensor(0.),<bound method Expression.r2 of <Expression.Expression object at 0x7f61f0202e50>>
 Nguyen-5'_33_17,None,tensor(0.),<bound method Expression.r2 of <Expression.Expression object at 0x7f61f0202f70>>
 Nguyen-5'_33_18,None,tensor(0.),<bound method Expression.r2 of <Expression.Expression object at 0x7f61f0202d90>>
 Nguyen-5'_33_19,None,tensor(0.),<bound method Expression.r2 of <Expression.Expression object at 0x7f61f0202f40>>
 Nguyen-5'_33_20,None,tensor(0.),<bound method Expression.r2 of <Expression.Expression object at 0x7f61f0202e80>>
 Nguyen-5'_33_21,x**2*exp(x) + x,tensor(0.0645),-209.36679156286067
 Nguyen-5'_33_22,(x + 4)/x,tensor(0.0028),-129170.26090211664
 Nguyen-5'_33_23,None,tensor(0.),<bound method Expression.r2 of <Expression.Expression object at 0x7f61f030d7f0>>
 Nguyen-5'_33_24,None,tensor(0.),<bound method Expression.r2 of <Expression.Expression object at 0x7f61f05709d0>>
 Nguyen-5'_33_25,None,tensor(0.),<bound method Expression.r2 of <Expression.Expression object at 0x7f61f03afaf0>>
 Nguyen-5'_33_26,None,tensor(0.),<bound method Expression.r2 of <Expression.Expression object at 0x7f61f0202ca0>>
 Nguyen-5'_33_27,acos(2*x),tensor(0.),0
 Nguyen-5'_33_28,None,tensor(0.),<bound method Expression.r2 of <Expression.Expression object at 0x7f61f0202400>>
 Nguyen-5'_33_29,x**2*(sqrt(x) + x)**2,tensor(0.),0
 Nguyen-5'_33_30,None,tensor(0.),<bound method Expression.r2 of <Expression.Expression object at 0x7f61f0264a60>>
 Nguyen-5'_33_31,x*(x + cos(x)) + x,tensor(0.0672),-191.9810077677246
 Nguyen-5'_33_32,None,tensor(0.),<bound method Expression.r2 of <Expression.Expression object at 0x7f61f0170e80>>
 Nguyen-5'_33_33,None,tensor(0.),<bound method Expression.r2 of <Expression.Expression object at 0x7f62780d65b0>>
 Nguyen-5'_33_34,None,tensor(0.),<bound method Expression.r2 of <Expression.Expression object at 0x7f62701f1a30>>
 Nguyen-5'_33_35,x*exp(-x),tensor(0.0912),-98.22745764997316
 Nguyen-5'_33_36,(x**3 + x)/x**4,tensor(1.3187e-06),-575014081888.4194
 Nguyen-5'_33_37,None,tensor(0.),<bound method Expression.r2 of <Expression.Expression object at 0x7f61f04be280>>
 Nguyen-5'_33_38,x*cos(x - 4),tensor(0.0919),-96.67109226671657
 Nguyen-5'_33_39,cos(1)/x,tensor(0.0200),-2404.8168309661046
 Nguyen-5'_33_40,2*x**4 + x,tensor(0.0677),-188.54440197787898
 Nguyen-5'_33_41,x*(3*x + 2),tensor(0.0512),-342.8049515248824
 Nguyen-5'_33_42,None,tensor(0.),<bound method Expression.r2 of <Expression.Expression object at 0x7f61f03402e0>>
 Nguyen-5'_33_43,None,tensor(0.),<bound method Expression.r2 of <Expression.Expression object at 0x7f61eb1f7d30>>
 Nguyen-5'_33_44,x**2 - x/5,tensor(0.0707),-172.03475177457594
 Nguyen-5'_33_45,8*exp(x/4),tensor(0.0163),-3641.1727867210016
 Nguyen-5'_33_46,x**3,tensor(0.0838),-118.61084566884684
 Nguyen-5'_33_47,None,tensor(0.),<bound method Expression.r2 of <Expression.Expression object at 0x7f627012d160>>
 Nguyen-5'_33_48,None,tensor(0.),<bound method Expression.r2 of <Expression.Expression object at 0x7f61f056e0a0>>
 Nguyen-5'_33_49,x*(x**2 + x) + 2*x,tensor(0.0612),-233.90828335186808
 Nguyen-5'_33_50,x**3*exp(x),tensor(0.0742),-154.54854897435706
 Nguyen-5'_33_51,None,tensor(0.),<bound method Expression.r2 of <Expression.Expression object at 0x7f6230082b20>>
 Nguyen-5'_33_52,None,tensor(0.),<bound method Expression.r2 of <Expression.Expression object at 0x7f61eb1f7430>>
 Nguyen-5'_33_53,3*x + 2,tensor(0.0389),-608.2672740132348
 Nguyen-5'_33_54,2*exp(2*x),tensor(0.0252),-1494.2799296759283
 Nguyen-5'_33_55,x*(x*sin(2) + x),tensor(0.0617),-230.6082954973415
 Nguyen-5'_33_56,None,tensor(0.),<bound method Expression.r2 of <Expression.Expression object at 0x7f62301f0a90>>
 Nguyen-5'_33_57,None,tensor(0.),<bound method Expression.r2 of <Expression.Expression object at 0x7f623008b550>>
 Nguyen-5'_33_58,None,tensor(0.),<bound method Expression.r2 of <Expression.Expression object at 0x7f62301af280>>
 Nguyen-5'_33_59,None,tensor(0.),<bound method Expression.r2 of <Expression.Expression object at 0x7f627011f4f0>>
 Nguyen-5'_33_60,None,tensor(0.),<bound method Expression.r2 of <Expression.Expression object at 0x7f627011fe20>>
 Nguyen-5'_33_61,None,tensor(0.),<bound method Expression.r2 of <Expression.Expression object at 0x7f627011f130>>
 Nguyen-5'_33_62,None,tensor(0.),<bound method Expression.r2 of <Expression.Expression object at 0x7f62301af610>>
 Nguyen-5'_33_63,log(x)/x**2,tensor(0.),0
 Nguyen-5'_33_64,None,tensor(0.),<bound method Expression.r2 of <Expression.Expression object at 0x7f62300b1a60>>
 Nguyen-5'_33_65,None,tensor(0.),<bound method Expression.r2 of <Expression.Expression object at 0x7f61f03af3d0>>
 Nguyen-5'_33_66,None,tensor(0.),<bound method Expression.r2 of <Expression.Expression object at 0x7f61eb1df820>>
 Nguyen-5'_33_67,x*tan(5),tensor(0.0549),-295.1818788083858
 Nguyen-5'_33_68,None,tensor(0.),<bound method Expression.r2 of <Expression.Expression object at 0x7f6228173790>>
 Nguyen-5'_33_69,None,tensor(0.),<bound method Expression.r2 of <Expression.Expression object at 0x7f6228054af0>>
 Nguyen-5'_33_70,x*(x + 1),tensor(0.0705),-172.67975465401133
 Nguyen-5'_33_71,8*x**3/3,tensor(0.0763),-145.65373222446226
 Nguyen-5'_33_72,None,tensor(0.),<bound method Expression.r2 of <Expression.Expression object at 0x7f62280b7f40>>
 Nguyen-5'_33_73,sin(2*x + 2),tensor(0.0670),-193.163953116875
 Nguyen-5'_33_74,None,tensor(0.),<bound method Expression.r2 of <Expression.Expression object at 0x7f61f03403d0>>
 Nguyen-5'_33_75,x*asinh(2*x),tensor(0.0648),-207.09847952906784
 Nguyen-5'_33_76,x**(3/2),tensor(0.),0
 Nguyen-5'_33_77,(x + 3)/x,tensor(0.0037),-72615.4258908286
 Nguyen-5'_33_78,None,tensor(0.),<bound method Expression.r2 of <Expression.Expression object at 0x7f61eb1be610>>
 Nguyen-5'_33_79,None,tensor(0.),<bound method Expression.r2 of <Expression.Expression object at 0x7f61eb184eb0>>
 Nguyen-5'_33_80,None,tensor(0.),<bound method Expression.r2 of <Expression.Expression object at 0x7f61eb1846d0>>
 Nguyen-5'_33_81,x*(x - 1),tensor(0.0670),-193.0629990076475
 Nguyen-5'_33_82,None,tensor(0.),<bound method Expression.r2 of <Expression.Expression object at 0x7f61f04f5eb0>>
 Nguyen-5'_33_83,None,tensor(0.),<bound method Expression.r2 of <Expression.Expression object at 0x7f61f0202c10>>
 Nguyen-5'_33_84,x**5/25,tensor(0.0841),-117.51790869835597
 Nguyen-5'_33_85,x*(x + tan(6)),tensor(0.0704),-173.56153583889989
 Nguyen-5'_33_86,None,tensor(0.),<bound method Expression.r2 of <Expression.Expression object at 0x7f61f04f5e20>>
 Nguyen-5'_33_87,None,tensor(0.),<bound method Expression.r2 of <Expression.Expression object at 0x7f627009c280>>
 Nguyen-5'_33_88,4*x**3,tensor(0.0674),-190.1781467845225
 Nguyen-5'_33_89,x**3,tensor(0.0838),-118.61084566884684
 Nguyen-5'_33_90,None,tensor(0.),<bound method Expression.r2 of <Expression.Expression object at 0x7f623017d6a0>>
 Nguyen-5'_33_91,None,tensor(0.),<bound method Expression.r2 of <Expression.Expression object at 0x7f62780891c0>>
 Nguyen-5'_33_92,None,tensor(0.),<bound method Expression.r2 of <Expression.Expression object at 0x7f62780893d0>>
 Nguyen-5'_33_93,3*exp(-x),tensor(0.0269),-1308.2380560041677
 Nguyen-5'_33_94,None,tensor(0.),<bound method Expression.r2 of <Expression.Expression object at 0x7f61eb0b68b0>>
 Nguyen-5'_33_95,x**2 + x + 2,tensor(0.0381),-635.8599346015011
 Nguyen-5'_33_96,None,tensor(0.),<bound method Expression.r2 of <Expression.Expression object at 0x7f61f02a54c0>>
 Nguyen-5'_33_97,x*(x**4 + 2*x),tensor(0.0612),-234.5366975891525
 Nguyen-5'_33_98,None,tensor(0.),<bound method Expression.r2 of <Expression.Expression object at 0x7f61f0541a90>>
 Nguyen-5'_33_99,x*(x - exp(x)),tensor(0.0762),-146.14523302853868
 Nguyen-5'_33_100,x**3 - 2*x + exp(x),tensor(0.0518),-333.58230328707396
 Nguyen-5'_33_101,None,tensor(0.),<bound method Expression.r2 of <Expression.Expression object at 0x7f61f0349c70>>
 Nguyen-5'_33_102,None,tensor(0.),<bound method Expression.r2 of <Expression.Expression object at 0x7f61f0264d90>>
 Nguyen-5'_33_103,None,tensor(0.),<bound method Expression.r2 of <Expression.Expression object at 0x7f623003d7f0>>
 Nguyen-5'_33_104,None,tensor(0.),<bound method Expression.r2 of <Expression.Expression object at 0x7f61f04bebb0>>
 Nguyen-5'_33_105,None,tensor(0.),<bound method Expression.r2 of <Expression.Expression object at 0x7f61f046cfa0>>
 Nguyen-5'_33_106,None,tensor(0.),<bound method Expression.r2 of <Expression.Expression object at 0x7f623017d8b0>>
 Nguyen-5'_33_107,x*(x*log(2) + x),tensor(0.0637),-214.86160380222066
 Nguyen-5'_33_108,None,tensor(0.),<bound method Expression.r2 of <Expression.Expression object at 0x7f61f054c8b0>>
 Nguyen-5'_33_109,x/12,tensor(0.0843),-117.1399696220918
 Nguyen-5'_33_110,None,tensor(0.),<bound method Expression.r2 of <Expression.Expression object at 0x7f61f01743d0>>
 Nguyen-5'_33_111,None,tensor(0.),<bound method Expression.r2 of <Expression.Expression object at 0x7f627819ba90>>
 Nguyen-5'_33_112,2*x - log(cos(x)),tensor(0.0691),-180.68576980586178
 Nguyen-5'_33_113,None,tensor(0.),<bound method Expression.r2 of <Expression.Expression object at 0x7f6228038430>>
 Nguyen-5'_33_114,None,tensor(0.),<bound method Expression.r2 of <Expression.Expression object at 0x7f62701c7250>>
 Nguyen-5'_33_115,None,tensor(0.),<bound method Expression.r2 of <Expression.Expression object at 0x7f61f056ea00>>
 Nguyen-5'_33_116,x + sinh(x + 2),tensor(0.0244),-1602.854743213295
 Nguyen-5'_33_117,x*log(2),tensor(0.0836),-119.11180646409726
 Nguyen-5'_33_118,None,tensor(0.),<bound method Expression.r2 of <Expression.Expression object at 0x7f61f036bf70>>
 Nguyen-5'_33_119,None,tensor(0.),<bound method Expression.r2 of <Expression.Expression object at 0x7f6228173820>>
 Nguyen-5'_33_120,None,tensor(0.),<bound method Expression.r2 of <Expression.Expression object at 0x7f6228173cd0>>
 Nguyen-5'_33_121,None,tensor(0.),<bound method Expression.r2 of <Expression.Expression object at 0x7f61eb184a60>>
 Nguyen-5'_33_122,(x - 1)*exp(x),tensor(0.1442),-34.207742444928634
 Nguyen-5'_33_123,None,tensor(0.),<bound method Expression.r2 of <Expression.Expression object at 0x7f61eb184280>>
 Nguyen-5'_33_124,x**2/sin(log(x)),tensor(0.),0
 Nguyen-5'_33_125,None,tensor(0.),<bound method Expression.r2 of <Expression.Expression object at 0x7f61f01a7550>>
 Nguyen-5'_33_126,None,tensor(0.),<bound method Expression.r2 of <Expression.Expression object at 0x7f61eb1df910>>
 Nguyen-5'_33_127,None,tensor(0.),<bound method Expression.r2 of <Expression.Expression object at 0x7f61eb1dfeb0>>
 Nguyen-5'_34_0,None,tensor(0.),<bound method Expression.r2 of <Expression.Expression object at 0x7f61e80ea880>>
 Nguyen-5'_34_1,x*(sqrt(x) - x),tensor(0.),0
 Nguyen-5'_34_2,None,tensor(0.),<bound method Expression.r2 of <Expression.Expression object at 0x7f61f01e13d0>>
 Nguyen-5'_34_3,x + exp(x),tensor(0.0500),-359.6592119453999
 Nguyen-5'_34_4,None,tensor(0.),<bound method Expression.r2 of <Expression.Expression object at 0x7f61f046c3d0>>
 Nguyen-5'_34_5,None,tensor(0.),<bound method Expression.r2 of <Expression.Expression object at 0x7f627819bf10>>
 Nguyen-5'_34_6,None,tensor(0.),<bound method Expression.r2 of <Expression.Expression object at 0x7f6270174160>>
 Nguyen-5'_34_7,None,tensor(0.),<bound method Expression.r2 of <Expression.Expression object at 0x7f62301d6220>>
 Nguyen-5'_34_8,sinh(2*x),tensor(0.0640),-213.14936846151016
 Nguyen-5'_34_9,None,tensor(0.),<bound method Expression.r2 of <Expression.Expression object at 0x7f62301b20a0>>
 Nguyen-5'_34_10,6*x**3,tensor(0.0549),-295.1149441505594
 Nguyen-5'_34_11,3*x/2,tensor(0.0784),-137.0505632740205
 Nguyen-5'_34_12,None,tensor(0.),<bound method Expression.r2 of <Expression.Expression object at 0x7f6278068f40>>
 Nguyen-5'_34_13,x**2 - x + exp(x),tensor(0.0468),-413.8648090678134
 Nguyen-5'_34_14,None,tensor(0.),<bound method Expression.r2 of <Expression.Expression object at 0x7f62301b1460>>
 Nguyen-5'_34_15,(1 - x)/x,tensor(0.0110),-8060.190131566375
 Nguyen-5'_34_16,None,tensor(0.),<bound method Expression.r2 of <Expression.Expression object at 0x7f61f054d1f0>>
 Nguyen-5'_34_17,-x**2 + x,tensor(0.0943),-91.23930000495619
 Nguyen-5'_34_18,None,tensor(0.),<bound method Expression.r2 of <Expression.Expression object at 0x7f62300b18b0>>
 Nguyen-5'_34_19,None,tensor(0.),<bound method Expression.r2 of <Expression.Expression object at 0x7f62301b38b0>>
 Nguyen-5'_34_20,None,tensor(0.),<bound method Expression.r2 of <Expression.Expression object at 0x7f62280387c0>>
 Nguyen-5'_34_21,8*exp(2*x),tensor(0.0076),-16908.50671691112
 Nguyen-5'_34_22,None,tensor(0.),<bound method Expression.r2 of <Expression.Expression object at 0x7f62281f4610>>
 Nguyen-5'_34_23,None,tensor(0.),<bound method Expression.r2 of <Expression.Expression object at 0x7f61f04be910>>
 Nguyen-5'_34_24,6*x + 1/2,tensor(0.0386),-620.049033751642
 Nguyen-5'_34_25,None,tensor(0.),<bound method Expression.r2 of <Expression.Expression object at 0x7f62281f33a0>>
 Nguyen-5'_34_26,exp(x - 3),tensor(0.0817),-125.1956638107071
 Nguyen-5'_34_27,None,tensor(0.),<bound method Expression.r2 of <Expression.Expression object at 0x7f6228054250>>
 Nguyen-5'_34_28,5*x*exp(x),tensor(0.0301),-1039.0558809281158
 Nguyen-5'_34_29,None,tensor(0.),<bound method Expression.r2 of <Expression.Expression object at 0x7f62281dacd0>>
 Nguyen-5'_34_30,None,tensor(0.),<bound method Expression.r2 of <Expression.Expression object at 0x7f61eb1845b0>>
 Nguyen-5'_34_31,None,tensor(0.),<bound method Expression.r2 of <Expression.Expression object at 0x7f61eb1843a0>>
 Nguyen-5'_34_32,x**2 + x*exp(x),tensor(0.0592),-251.10200373724774
 Nguyen-5'_34_33,None,tensor(0.),<bound method Expression.r2 of <Expression.Expression object at 0x7f61e80ef340>>
 Nguyen-5'_34_34,None,tensor(0.),<bound method Expression.r2 of <Expression.Expression object at 0x7f623017d040>>
 Nguyen-5'_34_35,None,tensor(0.),<bound method Expression.r2 of <Expression.Expression object at 0x7f61f0340cd0>>
 Nguyen-5'_34_36,5*x*sin(x),tensor(0.0438),-474.6287611635689
 Nguyen-5'_34_37,-x + log(x)/x,tensor(0.),0
 Nguyen-5'_34_38,x + exp(8*x),tensor(0.0003),-8585233.061118156
 Nguyen-5'_34_39,sinh(2*x)/2,tensor(0.0787),-136.10792200909157
 Nguyen-5'_34_40,4*x**3*exp(x),tensor(0.0454),-440.8485906711617
 Nguyen-5'_34_41,None,tensor(0.),<bound method Expression.r2 of <Expression.Expression object at 0x7f6278058850>>
 Nguyen-5'_34_42,None,tensor(0.),<bound method Expression.r2 of <Expression.Expression object at 0x7f61f0453220>>
 Nguyen-5'_34_43,None,tensor(0.),<bound method Expression.r2 of <Expression.Expression object at 0x7f62301f14c0>>
 Nguyen-5'_34_44,None,tensor(0.),<bound method Expression.r2 of <Expression.Expression object at 0x7f62301f1760>>
 Nguyen-5'_34_45,None,tensor(0.),<bound method Expression.r2 of <Expression.Expression object at 0x7f6270190dc0>>
 Nguyen-5'_34_46,(x**3 + x)/x**2,tensor(0.0109),-8161.619444044317
 Nguyen-5'_34_47,None,tensor(0.),<bound method Expression.r2 of <Expression.Expression object at 0x7f61f0541ca0>>
 Nguyen-5'_34_48,cos(x) + 5,tensor(0.0209),-2187.020213763645
 Nguyen-5'_34_49,-x - tan(x),tensor(0.0652),-204.47139803662293
 Nguyen-5'_34_50,None,tensor(0.),<bound method Expression.r2 of <Expression.Expression object at 0x7f6278068ac0>>
 Nguyen-5'_34_51,None,tensor(0.),<bound method Expression.r2 of <Expression.Expression object at 0x7f61eb1be070>>
 Nguyen-5'_34_52,None,tensor(0.),<bound method Expression.r2 of <Expression.Expression object at 0x7f6228173b80>>
 Nguyen-5'_34_53,None,tensor(0.),<bound method Expression.r2 of <Expression.Expression object at 0x7f6228173100>>
 Nguyen-5'_34_54,None,tensor(0.),<bound method Expression.r2 of <Expression.Expression object at 0x7f61f0349fd0>>
 Nguyen-5'_34_55,None,tensor(0.),<bound method Expression.r2 of <Expression.Expression object at 0x7f61f0349f40>>
 Nguyen-5'_34_56,None,tensor(0.),<bound method Expression.r2 of <Expression.Expression object at 0x7f62281730d0>>
 Nguyen-5'_34_57,sinh(2)/x,tensor(0.0031),-106275.05817039934
 Nguyen-5'_34_58,x*(x + 2) + x,tensor(0.0583),-259.5877560638511
 Nguyen-5'_34_59,10*x**4,tensor(0.0339),-812.7067500850326
 Nguyen-5'_34_60,x,tensor(0.0821),-123.87640063774847
 Nguyen-5'_34_61,None,tensor(0.),<bound method Expression.r2 of <Expression.Expression object at 0x7f61f056e400>>
 Nguyen-5'_34_62,None,tensor(0.),<bound method Expression.r2 of <Expression.Expression object at 0x7f61f056e8e0>>
 Nguyen-5'_34_63,None,tensor(0.),<bound method Expression.r2 of <Expression.Expression object at 0x7f61f030de80>>
 Nguyen-5'_34_64,(x - 30)*exp(x),tensor(0.0044),-51162.99211896653
 Nguyen-5'_34_65,None,tensor(0.),<bound method Expression.r2 of <Expression.Expression object at 0x7f61eb0b5fd0>>
 Nguyen-5'_34_66,None,tensor(0.),<bound method Expression.r2 of <Expression.Expression object at 0x7f627819b160>>
 Nguyen-5'_34_67,None,tensor(0.),<bound method Expression.r2 of <Expression.Expression object at 0x7f61f0202220>>
 Nguyen-5'_34_68,x**4 + 2*x,tensor(0.0687),-182.7697045181031
 Nguyen-5'_34_69,None,tensor(0.),<bound method Expression.r2 of <Expression.Expression object at 0x7f61f046e430>>
 Nguyen-5'_34_70,x**2*(x + 1),tensor(0.0714),-168.31339805682515
 Nguyen-5'_34_71,x + cos(log(x)),tensor(0.),0
 Nguyen-5'_34_72,x**2,tensor(0.0711),-169.4599711103949
 Nguyen-5'_34_73,None,tensor(0.),<bound method Expression.r2 of <Expression.Expression object at 0x7f62301f0640>>
 Nguyen-5'_34_74,None,tensor(0.),<bound method Expression.r2 of <Expression.Expression object at 0x7f61eb184970>>
 Nguyen-5'_34_75,x + asin(x),tensor(0.0719),-165.43612126608286
 Nguyen-5'_34_76,None,tensor(0.),<bound method Expression.r2 of <Expression.Expression object at 0x7f61eb1847c0>>
 Nguyen-5'_34_77,None,tensor(0.),<bound method Expression.r2 of <Expression.Expression object at 0x7f61eb184d90>>
 Nguyen-5'_34_78,None,tensor(0.),<bound method Expression.r2 of <Expression.Expression object at 0x7f61f0264b20>>
 Nguyen-5'_34_79,x + acos(x),tensor(0.0463),-424.1133706331763
 Nguyen-5'_34_80,None,tensor(0.),<bound method Expression.r2 of <Expression.Expression object at 0x7f61f0264640>>
 Nguyen-5'_34_81,None,tensor(0.),<bound method Expression.r2 of <Expression.Expression object at 0x7f61f046e880>>
 Nguyen-5'_34_82,None,tensor(0.),<bound method Expression.r2 of <Expression.Expression object at 0x7f61f046ebe0>>
 Nguyen-5'_34_83,None,tensor(0.),<bound method Expression.r2 of <Expression.Expression object at 0x7f61f046ef70>>
 Nguyen-5'_34_84,3 - 2*x,tensor(0.0313),-954.271427534305
 Nguyen-5'_34_85,x/4,tensor(0.0844),-116.68834954624776
 Nguyen-5'_34_86,None,tensor(0.),<bound method Expression.r2 of <Expression.Expression object at 0x7f623008beb0>>
 Nguyen-5'_34_87,x + acos(x),tensor(0.0463),-424.1133706331763
 Nguyen-5'_34_88,tan(x) + sinh(x),tensor(0.0697),-177.2075109693126
 Nguyen-5'_34_89,x**3 - 1/2,tensor(0.1112),-62.828048388848316
 Nguyen-5'_34_90,None,tensor(0.),<bound method Expression.r2 of <Expression.Expression object at 0x7f62300af550>>
 Nguyen-5'_34_91,None,tensor(0.),<bound method Expression.r2 of <Expression.Expression object at 0x7f62300af790>>
 Nguyen-5'_34_92,None,tensor(0.),<bound method Expression.r2 of <Expression.Expression object at 0x7f61eb1df6a0>>
 Nguyen-5'_34_93,x/(x - 4),tensor(0.0841),-117.56874482048782
 Nguyen-5'_34_94,x + 2*cosh(x),tensor(0.0380),-641.6396647673402
 Nguyen-5'_34_95,2*log(x + 5),tensor(0.0318),-928.1523562608487
 Nguyen-5'_34_96,None,tensor(0.),<bound method Expression.r2 of <Expression.Expression object at 0x7f627018d460>>
 Nguyen-5'_34_97,None,tensor(0.),<bound method Expression.r2 of <Expression.Expression object at 0x7f61f018f0a0>>
 Nguyen-5'_34_98,x*(5 - x),tensor(0.0478),-396.43801377431885
 Nguyen-5'_34_99,None,tensor(0.),<bound method Expression.r2 of <Expression.Expression object at 0x7f61f0202a90>>
 Nguyen-5'_34_100,None,tensor(0.),<bound method Expression.r2 of <Expression.Expression object at 0x7f61f0202430>>
 Nguyen-5'_34_101,None,tensor(0.),<bound method Expression.r2 of <Expression.Expression object at 0x7f61f02027c0>>
 Nguyen-5'_34_102,5*atanh(x),tensor(0.0337),-821.1999123767181
 Nguyen-5'_34_103,None,tensor(0.),<bound method Expression.r2 of <Expression.Expression object at 0x7f62701f1d30>>
 Nguyen-5'_34_104,None,tensor(0.),<bound method Expression.r2 of <Expression.Expression object at 0x7f61eb0b6af0>>
 Nguyen-5'_34_105,x*cos(x + 2),tensor(0.0951),-89.492935614005
 Nguyen-5'_34_106,x**3/12,tensor(0.0842),-117.28851832820393
 Nguyen-5'_34_107,None,tensor(0.),<bound method Expression.r2 of <Expression.Expression object at 0x7f62701c7910>>
 Nguyen-5'_34_108,None,tensor(0.),<bound method Expression.r2 of <Expression.Expression object at 0x7f62281f3790>>
 Nguyen-5'_34_109,None,tensor(0.),<bound method Expression.r2 of <Expression.Expression object at 0x7f62281f3040>>
 Nguyen-5'_34_110,None,tensor(0.),<bound method Expression.r2 of <Expression.Expression object at 0x7f62281f37c0>>
 Nguyen-5'_34_111,x**3*exp(x) + x,tensor(0.0691),-180.6633203558671
 Nguyen-5'_34_112,None,tensor(0.),<bound method Expression.r2 of <Expression.Expression object at 0x7f61f037f4c0>>
 Nguyen-5'_34_113,x**3/7,tensor(0.0843),-117.08241811090888
 Nguyen-5'_34_114,None,tensor(0.),<bound method Expression.r2 of <Expression.Expression object at 0x7f62701d1ca0>>
 Nguyen-5'_34_115,None,tensor(0.),<bound method Expression.r2 of <Expression.Expression object at 0x7f6228054a60>>
 Nguyen-5'_34_116,None,tensor(0.),<bound method Expression.r2 of <Expression.Expression object at 0x7f6228054a00>>
 Nguyen-5'_34_117,cos(x + 3),tensor(0.1460),-33.19994243344078
 Nguyen-5'_34_118,None,tensor(0.),<bound method Expression.r2 of <Expression.Expression object at 0x7f61f037ff40>>
 Nguyen-5'_34_119,None,tensor(0.),<bound method Expression.r2 of <Expression.Expression object at 0x7f62301f0730>>
 Nguyen-5'_34_120,None,tensor(0.),<bound method Expression.r2 of <Expression.Expression object at 0x7f61f02853a0>>
 Nguyen-5'_34_121,None,tensor(0.),<bound method Expression.r2 of <Expression.Expression object at 0x7f6228038fd0>>
 Nguyen-5'_34_122,x*sin(1/x),tensor(0.0695),-178.44006027153364
 Nguyen-5'_34_123,x + cos(x) + 2,tensor(0.0342),-795.9634079670426
 Nguyen-5'_34_124,None,tensor(0.),<bound method Expression.r2 of <Expression.Expression object at 0x7f62301bad90>>
 Nguyen-5'_34_125,None,tensor(0.),<bound method Expression.r2 of <Expression.Expression object at 0x7f62280bc460>>
 Nguyen-5'_34_126,x**2 + sin(x),tensor(0.0708),-171.33125306988157
 Nguyen-5'_34_127,12*x + 2,tensor(0.0205),-2272.8498637300545
 Nguyen-5'_35_0,5*x + exp(x),tensor(0.0353),-746.8113000305918
 Nguyen-5'_35_1,x + 2*cos(x),tensor(0.0449),-450.77806599772396
 Nguyen-5'_35_2,None,tensor(0.),<bound method Expression.r2 of <Expression.Expression object at 0x7f62701d11f0>>
 Nguyen-5'_35_3,None,tensor(0.),<bound method Expression.r2 of <Expression.Expression object at 0x7f61d0184790>>
 Nguyen-5'_35_4,None,tensor(0.),<bound method Expression.r2 of <Expression.Expression object at 0x7f61d0184cd0>>
 Nguyen-5'_35_5,4*x**2*log(x),tensor(0.),0
 Nguyen-5'_35_6,None,tensor(0.),<bound method Expression.r2 of <Expression.Expression object at 0x7f61eb09b5b0>>
 Nguyen-5'_35_7,3*atanh(x)/5,tensor(0.0827),-122.02128194641804
 Nguyen-5'_35_8,62*sqrt(x),tensor(0.),0
 Nguyen-5'_35_9,None,tensor(0.),<bound method Expression.r2 of <Expression.Expression object at 0x7f627817f790>>
 Nguyen-5'_35_10,-exp(x) - asin(x),tensor(0.0960),-87.6832543358284
 Nguyen-5'_35_11,None,tensor(0.),<bound method Expression.r2 of <Expression.Expression object at 0x7f627007a4f0>>
 Nguyen-5'_35_12,None,tensor(0.),<bound method Expression.r2 of <Expression.Expression object at 0x7f62301f53a0>>
 Nguyen-5'_35_13,None,tensor(0.),<bound method Expression.r2 of <Expression.Expression object at 0x7f62301f58e0>>
 Nguyen-5'_35_14,None,tensor(0.),<bound method Expression.r2 of <Expression.Expression object at 0x7f61f0541f40>>
 Nguyen-5'_35_15,x**2/(x + 35),tensor(0.0837),-118.90580389858788
 Nguyen-5'_35_16,(x + 3)/x,tensor(0.0037),-72615.4258908286
 Nguyen-5'_35_17,None,tensor(0.),<bound method Expression.r2 of <Expression.Expression object at 0x7f6230057310>>
 Nguyen-5'_35_18,None,tensor(0.),<bound method Expression.r2 of <Expression.Expression object at 0x7f61eb184c10>>
 Nguyen-5'_35_19,None,tensor(0.),<bound method Expression.r2 of <Expression.Expression object at 0x7f61eb184370>>
 Nguyen-5'_35_20,None,tensor(0.),<bound method Expression.r2 of <Expression.Expression object at 0x7f61eb184a90>>
 Nguyen-5'_35_21,None,tensor(0.),<bound method Expression.r2 of <Expression.Expression object at 0x7f61f030db50>>
 Nguyen-5'_35_22,sin(2*x + 1),tensor(0.0689),-181.77705916838124
 Nguyen-5'_35_23,None,tensor(0.),<bound method Expression.r2 of <Expression.Expression object at 0x7f61f0340340>>
 Nguyen-5'_35_24,None,tensor(0.),<bound method Expression.r2 of <Expression.Expression object at 0x7f61f03405e0>>
 Nguyen-5'_35_25,None,tensor(0.),<bound method Expression.r2 of <Expression.Expression object at 0x7f61f0340ac0>>
 Nguyen-5'_35_26,12*x + tan(3),tensor(0.0221),-1952.1918651994436
 Nguyen-5'_35_27,4*x**3 + x,tensor(0.0582),-261.0743770102971
 Nguyen-5'_35_28,None,tensor(0.),<bound method Expression.r2 of <Expression.Expression object at 0x7f62301ba400>>
 Nguyen-5'_35_29,None,tensor(0.),<bound method Expression.r2 of <Expression.Expression object at 0x7f61f04eec40>>
 Nguyen-5'_35_30,1/(x + 4),tensor(0.0742),-154.81491993533982
 Nguyen-5'_35_31,None,tensor(0.),<bound method Expression.r2 of <Expression.Expression object at 0x7f61f0340220>>
 Nguyen-5'_35_32,None,tensor(0.),<bound method Expression.r2 of <Expression.Expression object at 0x7f61eb1f7940>>
 Nguyen-5'_35_33,(x + 1)/x,tensor(0.0109),-8174.819212199463
 Nguyen-5'_35_34,None,tensor(0.),<bound method Expression.r2 of <Expression.Expression object at 0x7f61f030d5e0>>
 Nguyen-5'_35_35,None,tensor(0.),<bound method Expression.r2 of <Expression.Expression object at 0x7f61f0215610>>
 Nguyen-5'_35_36,3*x*(x**2 + x),tensor(0.0514),-339.81033574316405
 Nguyen-5'_35_37,None,tensor(0.),<bound method Expression.r2 of <Expression.Expression object at 0x7f62281df6a0>>
 Nguyen-5'_35_38,x**3 + x*cosh(x)**4,tensor(0.0533),-314.46147500256757
 Nguyen-5'_35_39,x + tan(x),tensor(0.0708),-171.3108021295985
 Nguyen-5'_35_40,x**3*exp(-4)/2,tensor(0.0841),-117.60210136210416
 Nguyen-5'_35_41,None,tensor(0.),<bound method Expression.r2 of <Expression.Expression object at 0x7f6270105ca0>>
 Nguyen-5'_35_42,x*(x + cosh(x)) + x,tensor(0.0633),-217.84910725477698
 Nguyen-5'_35_43,cosh(x),tensor(0.0522),-328.383267814217
 Nguyen-5'_35_44,None,tensor(0.),<bound method Expression.r2 of <Expression.Expression object at 0x7f62700f45b0>>
 Nguyen-5'_35_45,x**4 + x**2 + x,tensor(0.0641),-212.07631783594906
 Nguyen-5'_35_46,exp(5),tensor(0.),0
 Nguyen-5'_35_47,x/(x + 5),tensor(0.0850),-114.98112677937283
 Nguyen-5'_35_48,None,tensor(0.),<bound method Expression.r2 of <Expression.Expression object at 0x7f61f04ee160>>
 Nguyen-5'_35_49,25*x*log(x),tensor(0.),0
 Nguyen-5'_35_50,None,tensor(0.),<bound method Expression.r2 of <Expression.Expression object at 0x7f6270135580>>
 Nguyen-5'_35_51,None,tensor(0.),<bound method Expression.r2 of <Expression.Expression object at 0x7f61d0196760>>
 Nguyen-5'_35_52,None,tensor(0.),<bound method Expression.r2 of <Expression.Expression object at 0x7f61d01966d0>>
 Nguyen-5'_35_53,x*exp(2),tensor(0.0342),-796.8283060926831
 Nguyen-5'_35_54,None,tensor(0.),<bound method Expression.r2 of <Expression.Expression object at 0x7f6278187130>>
 Nguyen-5'_35_55,None,tensor(0.),<bound method Expression.r2 of <Expression.Expression object at 0x7f61e80efcd0>>
 Nguyen-5'_35_56,None,tensor(0.),<bound method Expression.r2 of <Expression.Expression object at 0x7f62301c91f0>>
 Nguyen-5'_35_57,None,tensor(0.),<bound method Expression.r2 of <Expression.Expression object at 0x7f62701a9340>>
 Nguyen-5'_35_58,x**3*(x + cos(x)),tensor(0.0762),-145.9094234357464
 Nguyen-5'_35_59,None,tensor(0.),<bound method Expression.r2 of <Expression.Expression object at 0x7f6270190df0>>
 Nguyen-5'_35_60,sinh(x)**3,tensor(0.0824),-123.15343846113375
 Nguyen-5'_35_61,4*x*exp(x),tensor(0.0355),-738.1191524416707
 Nguyen-5'_35_62,None,tensor(0.),<bound method Expression.r2 of <Expression.Expression object at 0x7f6230182a90>>
 Nguyen-5'_35_63,None,tensor(0.),<bound method Expression.r2 of <Expression.Expression object at 0x7f61f0264130>>
 Nguyen-5'_35_64,(x**2 + x)**3,tensor(0.0540),-305.72866791801795
 Nguyen-5'_35_65,None,tensor(0.),<bound method Expression.r2 of <Expression.Expression object at 0x7f62701a3640>>
 Nguyen-5'_35_66,tan(2*x + 5),tensor(0.0035),-79087.30136057649
 Nguyen-5'_35_67,None,tensor(0.),<bound method Expression.r2 of <Expression.Expression object at 0x7f627817fc10>>
 Nguyen-5'_35_68,None,tensor(0.),<bound method Expression.r2 of <Expression.Expression object at 0x7f623012eee0>>
 Nguyen-5'_35_69,None,tensor(0.),<bound method Expression.r2 of <Expression.Expression object at 0x7f61eb0b6d60>>
 Nguyen-5'_35_70,None,tensor(0.),<bound method Expression.r2 of <Expression.Expression object at 0x7f61eb0b6490>>
 Nguyen-5'_35_71,x**2*cos(x),tensor(0.0746),-152.94041463999085
 Nguyen-5'_35_72,acosh(x),tensor(0.),0
 Nguyen-5'_35_73,asinh(x)**2,tensor(0.0729),-160.56479057409993
 Nguyen-5'_35_74,None,tensor(0.),<bound method Expression.r2 of <Expression.Expression object at 0x7f61eb0b6370>>
 Nguyen-5'_35_75,None,tensor(0.),<bound method Expression.r2 of <Expression.Expression object at 0x7f62701d1c40>>
 Nguyen-5'_35_76,None,tensor(0.),<bound method Expression.r2 of <Expression.Expression object at 0x7f62781626d0>>
 Nguyen-5'_35_77,None,tensor(0.),<bound method Expression.r2 of <Expression.Expression object at 0x7f62280f5910>>
 Nguyen-5'_35_78,None,tensor(0.),<bound method Expression.r2 of <Expression.Expression object at 0x7f6278162cd0>>
 Nguyen-5'_35_79,None,tensor(0.),<bound method Expression.r2 of <Expression.Expression object at 0x7f6278162970>>
 Nguyen-5'_35_80,None,tensor(0.),<bound method Expression.r2 of <Expression.Expression object at 0x7f6228173ca0>>
 Nguyen-5'_35_81,x*cosh(x) - cos(x) + 1/x,tensor(0.0109),-8175.859074085164
 Nguyen-5'_35_82,None,tensor(0.),<bound method Expression.r2 of <Expression.Expression object at 0x7f62280b7c70>>
 Nguyen-5'_35_83,None,tensor(0.),<bound method Expression.r2 of <Expression.Expression object at 0x7f6270174a00>>
 Nguyen-5'_35_84,x*acos(x) - 8*x,tensor(0.0376),-655.6715456046779
 Nguyen-5'_35_85,None,tensor(0.),<bound method Expression.r2 of <Expression.Expression object at 0x7f62281f0a00>>
 Nguyen-5'_35_86,1/(2*x + 1),tensor(0.0347),-772.4108764230922
 Nguyen-5'_35_87,None,tensor(0.),<bound method Expression.r2 of <Expression.Expression object at 0x7f6278112670>>
 Nguyen-5'_35_88,None,tensor(0.),<bound method Expression.r2 of <Expression.Expression object at 0x7f61f02f3cd0>>
 Nguyen-5'_35_89,x*(x + 3),tensor(0.0583),-259.5877560638511
 Nguyen-5'_35_90,None,tensor(0.),<bound method Expression.r2 of <Expression.Expression object at 0x7f61f0541ac0>>
 Nguyen-5'_35_91,None,tensor(0.),<bound method Expression.r2 of <Expression.Expression object at 0x7f61f0541760>>
 Nguyen-5'_35_92,atan(x + 3),tensor(0.0514),-339.8942153889273
 Nguyen-5'_35_93,None,tensor(0.),<bound method Expression.r2 of <Expression.Expression object at 0x7f61f030dc40>>
 Nguyen-5'_35_94,None,tensor(0.),<bound method Expression.r2 of <Expression.Expression object at 0x7f61f030d6d0>>
 Nguyen-5'_35_95,None,tensor(0.),<bound method Expression.r2 of <Expression.Expression object at 0x7f6228173250>>
 Nguyen-5'_35_96,x + cos(x) + 4,tensor(0.0241),-1634.5936461155666
 Nguyen-5'_35_97,x - tanh(x),tensor(0.0844),-116.77854134886294
 Nguyen-5'_35_98,None,tensor(0.),<bound method Expression.r2 of <Expression.Expression object at 0x7f61f0340df0>>
 Nguyen-5'_35_99,None,tensor(0.),<bound method Expression.r2 of <Expression.Expression object at 0x7f61f0340d60>>
 Nguyen-5'_35_100,2*x + 4,tensor(0.0274),-1260.9934352614112
 Nguyen-5'_35_101,x*(3*x + 1),tensor(0.0530),-318.7852228369487
 Nguyen-5'_35_102,x + sqrt(x + 2),tensor(0.0484),-385.0104092826171
 Nguyen-5'_35_103,None,tensor(0.),<bound method Expression.r2 of <Expression.Expression object at 0x7f61d0196e80>>
 Nguyen-5'_35_104,None,tensor(0.),<bound method Expression.r2 of <Expression.Expression object at 0x7f61f0264f70>>
 Nguyen-5'_35_105,None,tensor(0.),<bound method Expression.r2 of <Expression.Expression object at 0x7f61f0264820>>
 Nguyen-5'_35_106,None,tensor(0.),<bound method Expression.r2 of <Expression.Expression object at 0x7f61f0264ca0>>
 Nguyen-5'_35_107,x*(x + cos(x)) + x,tensor(0.0672),-191.9810077677246
 Nguyen-5'_35_108,None,tensor(0.),<bound method Expression.r2 of <Expression.Expression object at 0x7f61f0202040>>
 Nguyen-5'_35_109,None,tensor(0.),<bound method Expression.r2 of <Expression.Expression object at 0x7f61e80dfbe0>>
 Nguyen-5'_35_110,None,tensor(0.),<bound method Expression.r2 of <Expression.Expression object at 0x7f61e80df400>>
 Nguyen-5'_35_111,None,tensor(0.),<bound method Expression.r2 of <Expression.Expression object at 0x7f61e80df280>>
 Nguyen-5'_35_112,None,tensor(0.),<bound method Expression.r2 of <Expression.Expression object at 0x7f61e80df5b0>>
 Nguyen-5'_35_113,x + cos(2),tensor(0.1019),-76.75399453012702
 Nguyen-5'_35_114,None,tensor(0.),<bound method Expression.r2 of <Expression.Expression object at 0x7f6278192580>>
 Nguyen-5'_35_115,x**2 - 5*log(x),tensor(0.),0
 Nguyen-5'_35_116,None,tensor(0.),<bound method Expression.r2 of <Expression.Expression object at 0x7f627007a790>>
 Nguyen-5'_35_117,None,tensor(0.),<bound method Expression.r2 of <Expression.Expression object at 0x7f627018d520>>
 Nguyen-5'_35_118,None,tensor(0.),<bound method Expression.r2 of <Expression.Expression object at 0x7f627018d280>>
 Nguyen-5'_35_119,x**3/16,tensor(0.0842),-117.37023352645956
 Nguyen-5'_35_120,None,tensor(0.),<bound method Expression.r2 of <Expression.Expression object at 0x7f61f0541b20>>
 Nguyen-5'_35_121,sin(x) + atan(x),tensor(0.0760),-146.7670186421477
 Nguyen-5'_35_122,(x + 5)**5,tensor(4.1725e-05),-574345026.8604597
 Nguyen-5'_35_123,(x - 5)**2,tensor(0.0057),-30427.93881775227
 Nguyen-5'_35_124,None,tensor(0.),<bound method Expression.r2 of <Expression.Expression object at 0x7f61f04eeeb0>>
 Nguyen-5'_35_125,None,tensor(0.),<bound method Expression.r2 of <Expression.Expression object at 0x7f61eb184c40>>
 Nguyen-5'_35_126,None,tensor(0.),<bound method Expression.r2 of <Expression.Expression object at 0x7f61eb1f76d0>>
 Nguyen-5'_35_127,x + (x + 5)**2,tensor(0.0059),-28123.269401356978
 Nguyen-5'_36_0,None,tensor(0.),<bound method Expression.r2 of <Expression.Expression object at 0x7f62280549d0>>
 Nguyen-5'_36_1,None,tensor(0.),<bound method Expression.r2 of <Expression.Expression object at 0x7f627817fa90>>
 Nguyen-5'_36_2,None,tensor(0.),<bound method Expression.r2 of <Expression.Expression object at 0x7f62281f3550>>
 Nguyen-5'_36_3,None,tensor(0.),<bound method Expression.r2 of <Expression.Expression object at 0x7f6270174850>>
 Nguyen-5'_36_4,2*x + log(5),tensor(0.0447),-455.40513196190057
 Nguyen-5'_36_5,None,tensor(0.),<bound method Expression.r2 of <Expression.Expression object at 0x7f62301d6a00>>
 Nguyen-5'_36_6,None,tensor(0.),<bound method Expression.r2 of <Expression.Expression object at 0x7f61f046e100>>
 Nguyen-5'_36_7,None,tensor(0.),<bound method Expression.r2 of <Expression.Expression object at 0x7f627018d490>>
 Nguyen-5'_36_8,None,tensor(0.),<bound method Expression.r2 of <Expression.Expression object at 0x7f627018df10>>
 Nguyen-5'_36_9,None,tensor(0.),<bound method Expression.r2 of <Expression.Expression object at 0x7f61e80df3d0>>
 Nguyen-5'_36_10,None,tensor(0.),<bound method Expression.r2 of <Expression.Expression object at 0x7f61e80df160>>
 Nguyen-5'_36_11,x*(x + 120),tensor(0.0023),-192070.70768414895
 Nguyen-5'_36_12,None,tensor(0.),<bound method Expression.r2 of <Expression.Expression object at 0x7f61e80df490>>
 Nguyen-5'_36_13,None,tensor(0.),<bound method Expression.r2 of <Expression.Expression object at 0x7f6230082700>>
 Nguyen-5'_36_14,x*(x + sin(x)) + x,tensor(0.0617),-230.29626610581826
 Nguyen-5'_36_15,None,tensor(0.),<bound method Expression.r2 of <Expression.Expression object at 0x7f61f01b4040>>
 Nguyen-5'_36_16,None,tensor(0.),<bound method Expression.r2 of <Expression.Expression object at 0x7f61f01b4490>>
 Nguyen-5'_36_17,exp(x) + cos(x),tensor(0.0413),-539.1815257467692
 Nguyen-5'_36_18,x**2*log(2),tensor(0.0748),-151.84122368471157
 Nguyen-5'_36_19,None,tensor(0.),<bound method Expression.r2 of <Expression.Expression object at 0x7f61f018fd90>>
 Nguyen-5'_36_20,None,tensor(0.),<bound method Expression.r2 of <Expression.Expression object at 0x7f6270175310>>
 Nguyen-5'_36_21,None,tensor(0.),<bound method Expression.r2 of <Expression.Expression object at 0x7f61f04be5e0>>
 Nguyen-5'_36_22,x - tan(x),tensor(0.0829),-121.22500811990899
 Nguyen-5'_36_23,None,tensor(0.),<bound method Expression.r2 of <Expression.Expression object at 0x7f61f04b7a60>>
 Nguyen-5'_36_24,x**7*exp(x)/2,tensor(0.0817),-125.4537562668165
 Nguyen-5'_36_25,13*exp(-x),tensor(0.0080),-15346.816386401217
 Nguyen-5'_36_26,None,tensor(0.),<bound method Expression.r2 of <Expression.Expression object at 0x7f623008b310>>
 Nguyen-5'_36_27,None,tensor(0.),<bound method Expression.r2 of <Expression.Expression object at 0x7f627007a100>>
 Nguyen-5'_36_28,None,tensor(0.),<bound method Expression.r2 of <Expression.Expression object at 0x7f61f0570a60>>
 Nguyen-5'_36_29,None,tensor(0.),<bound method Expression.r2 of <Expression.Expression object at 0x7f61eb0b5730>>
 Nguyen-5'_36_30,4*log(x),tensor(0.),0
 Nguyen-5'_36_31,None,tensor(0.),<bound method Expression.r2 of <Expression.Expression object at 0x7f6270135520>>
 Nguyen-5'_36_32,None,tensor(0.),<bound method Expression.r2 of <Expression.Expression object at 0x7f61eb0b50d0>>
 Nguyen-5'_36_33,x**3 - x,tensor(0.0824),-123.03618703435293
 Nguyen-5'_36_34,x/(3 - x),tensor(0.0827),-121.96653500668677
 Nguyen-5'_36_35,None,tensor(0.),<bound method Expression.r2 of <Expression.Expression object at 0x7f61f05ed100>>
 Nguyen-5'_36_36,None,tensor(0.),<bound method Expression.r2 of <Expression.Expression object at 0x7f61f056e520>>
 Nguyen-5'_36_37,None,tensor(0.),<bound method Expression.r2 of <Expression.Expression object at 0x7f61f056efa0>>
 Nguyen-5'_36_38,x**2 - tan(x),tensor(0.0651),-205.26866367584876
 Nguyen-5'_36_39,sin(x) - 5*cosh(x),tensor(0.0358),-723.4890682114201
 Nguyen-5'_36_40,4 - 4*x,tensor(0.0246),-1573.4587464578208
 Nguyen-5'_36_41,None,tensor(0.),<bound method Expression.r2 of <Expression.Expression object at 0x7f61f030de20>>
 Nguyen-5'_36_42,None,tensor(0.),<bound method Expression.r2 of <Expression.Expression object at 0x7f62300b1ee0>>
 Nguyen-5'_36_43,x**2/4,tensor(0.0806),-129.08329448229046
 Nguyen-5'_36_44,None,tensor(0.),<bound method Expression.r2 of <Expression.Expression object at 0x7f61f0264190>>
 Nguyen-5'_36_45,sqrt(2)*x**3,tensor(0.0826),-122.36301416360195
 Nguyen-5'_36_46,None,tensor(0.),<bound method Expression.r2 of <Expression.Expression object at 0x7f62281f06d0>>
 Nguyen-5'_36_47,None,tensor(0.),<bound method Expression.r2 of <Expression.Expression object at 0x7f62301b3df0>>
 Nguyen-5'_36_48,None,tensor(0.),<bound method Expression.r2 of <Expression.Expression object at 0x7f62301b3880>>
 Nguyen-5'_36_49,None,tensor(0.),<bound method Expression.r2 of <Expression.Expression object at 0x7f61f02022b0>>
 Nguyen-5'_36_50,-x*cos(x),tensor(0.0805),-129.63381840278453
 Nguyen-5'_36_51,x*(x + sin(x) + 1),tensor(0.0617),-230.29626610581826
 Nguyen-5'_36_52,atanh(2*x),tensor(0.),0
 Nguyen-5'_36_53,None,tensor(0.),<bound method Expression.r2 of <Expression.Expression object at 0x7f62280b7280>>
 Nguyen-5'_36_54,None,tensor(0.),<bound method Expression.r2 of <Expression.Expression object at 0x7f61f054dd30>>
 Nguyen-5'_36_55,6*x + asinh(x),tensor(0.0361),-710.6005839590792
 Nguyen-5'_36_56,None,tensor(0.),<bound method Expression.r2 of <Expression.Expression object at 0x7f61f04751f0>>
 Nguyen-5'_36_57,None,tensor(0.),<bound method Expression.r2 of <Expression.Expression object at 0x7f62701a3070>>
 Nguyen-5'_36_58,None,tensor(0.),<bound method Expression.r2 of <Expression.Expression object at 0x7f61eb0b6520>>
 Nguyen-5'_36_59,x*atanh(x) + x/2,tensor(0.0659),-199.730266967909
 Nguyen-5'_36_60,None,tensor(0.),<bound method Expression.r2 of <Expression.Expression object at 0x7f61d01963d0>>
 Nguyen-5'_36_61,x*(x + 2),tensor(0.0655),-202.72234963849672
 Nguyen-5'_36_62,log(3)/x,tensor(0.0100),-9743.543845279733
 Nguyen-5'_36_63,None,tensor(0.),<bound method Expression.r2 of <Expression.Expression object at 0x7f61f03401c0>>
 Nguyen-5'_36_64,cos(2*x + 4),tensor(0.0948),-90.2093681722997
 Nguyen-5'_36_65,x**2 + x + cos(x),tensor(0.0522),-328.40952870962747
 Nguyen-5'_36_66,None,tensor(0.),<bound method Expression.r2 of <Expression.Expression object at 0x7f61f02029a0>>
 Nguyen-5'_36_67,(x + cos(x))**3,tensor(0.0471),-407.8646478152293
 Nguyen-5'_36_68,None,tensor(0.),<bound method Expression.r2 of <Expression.Expression object at 0x7f62780977f0>>
 Nguyen-5'_36_69,-3*x/2,tensor(0.0734),-158.59113035964708
 Nguyen-5'_36_70,x*cos(x) - x,tensor(0.0830),-121.14712149528332
 Nguyen-5'_36_71,None,tensor(0.),<bound method Expression.r2 of <Expression.Expression object at 0x7f627018d910>>
 Nguyen-5'_36_72,None,tensor(0.),<bound method Expression.r2 of <Expression.Expression object at 0x7f627009ceb0>>
 Nguyen-5'_36_73,x + tanh(2*x),tensor(0.0712),-168.98247743459376
 Nguyen-5'_36_74,None,tensor(0.),<bound method Expression.r2 of <Expression.Expression object at 0x7f61f01b4b20>>
 Nguyen-5'_36_75,None,tensor(0.),<bound method Expression.r2 of <Expression.Expression object at 0x7f61f01b4400>>
 Nguyen-5'_36_76,None,tensor(0.),<bound method Expression.r2 of <Expression.Expression object at 0x7f61f01b4670>>
 Nguyen-5'_36_77,x + sin(x),tensor(0.0747),-152.64183911712365
 Nguyen-5'_36_78,None,tensor(0.),<bound method Expression.r2 of <Expression.Expression object at 0x7f61f01b42e0>>
 Nguyen-5'_36_79,2*x**2 + x,tensor(0.0608),-237.6493620537447
 Nguyen-5'_36_80,None,tensor(0.),<bound method Expression.r2 of <Expression.Expression object at 0x7f627011f250>>
 Nguyen-5'_36_81,None,tensor(0.),<bound method Expression.r2 of <Expression.Expression object at 0x7f61f01e15b0>>
 Nguyen-5'_36_82,None,tensor(0.),<bound method Expression.r2 of <Expression.Expression object at 0x7f6228087820>>
 Nguyen-5'_36_83,None,tensor(0.),<bound method Expression.r2 of <Expression.Expression object at 0x7f61f0174a90>>
 Nguyen-5'_36_84,None,tensor(0.),<bound method Expression.r2 of <Expression.Expression object at 0x7f61f037f700>>
 Nguyen-5'_36_85,None,tensor(0.),<bound method Expression.r2 of <Expression.Expression object at 0x7f61f056e1f0>>
 Nguyen-5'_36_86,None,tensor(0.),<bound method Expression.r2 of <Expression.Expression object at 0x7f61d0184850>>
 Nguyen-5'_36_87,tan(x) + asinh(x),tensor(0.0716),-167.13088809617636
 Nguyen-5'_36_88,x + 5,tensor(0.0236),-1715.966125344731
 Nguyen-5'_36_89,None,tensor(0.),<bound method Expression.r2 of <Expression.Expression object at 0x7f61f036fdc0>>
 Nguyen-5'_36_90,None,tensor(0.),<bound method Expression.r2 of <Expression.Expression object at 0x7f623014c3a0>>
 Nguyen-5'_36_91,None,tensor(0.),<bound method Expression.r2 of <Expression.Expression object at 0x7f61f02f6940>>
 Nguyen-5'_36_92,None,tensor(0.),<bound method Expression.r2 of <Expression.Expression object at 0x7f62780fe460>>
 Nguyen-5'_36_93,None,tensor(0.),<bound method Expression.r2 of <Expression.Expression object at 0x7f62780fe040>>
 Nguyen-5'_36_94,None,tensor(0.),<bound method Expression.r2 of <Expression.Expression object at 0x7f62280f5400>>
 Nguyen-5'_36_95,None,tensor(0.),<bound method Expression.r2 of <Expression.Expression object at 0x7f623017d340>>
 Nguyen-5'_36_96,None,tensor(0.),<bound method Expression.r2 of <Expression.Expression object at 0x7f62780a8df0>>
 Nguyen-5'_36_97,None,tensor(0.),<bound method Expression.r2 of <Expression.Expression object at 0x7f62701e5cd0>>
 Nguyen-5'_36_98,sqrt(1 - x),tensor(0.0556),-288.02938473435654
 Nguyen-5'_36_99,None,tensor(0.),<bound method Expression.r2 of <Expression.Expression object at 0x7f62781cfeb0>>
 Nguyen-5'_36_100,None,tensor(0.),<bound method Expression.r2 of <Expression.Expression object at 0x7f62300f0cd0>>
 Nguyen-5'_36_101,4*exp(2*x),tensor(0.0143),-4751.635100413498
 Nguyen-5'_36_102,-x**2 + x,tensor(0.0943),-91.23930000495619
 Nguyen-5'_36_103,None,tensor(0.),<bound method Expression.r2 of <Expression.Expression object at 0x7f62301af7f0>>
 Nguyen-5'_36_104,5*x**2*exp(x),tensor(0.0329),-864.3594722154949
 Nguyen-5'_36_105,x*(x + 5),tensor(0.0448),-453.7870032371668
 Nguyen-5'_36_106,None,tensor(0.),<bound method Expression.r2 of <Expression.Expression object at 0x7f61f02f3280>>
 Nguyen-5'_36_107,None,tensor(0.),<bound method Expression.r2 of <Expression.Expression object at 0x7f61eb09b520>>
 Nguyen-5'_36_108,None,tensor(0.),<bound method Expression.r2 of <Expression.Expression object at 0x7f62781875b0>>
 Nguyen-5'_36_109,None,tensor(0.),<bound method Expression.r2 of <Expression.Expression object at 0x7f62780e9730>>
 Nguyen-5'_36_110,None,tensor(0.),<bound method Expression.r2 of <Expression.Expression object at 0x7f61eb09b940>>
 Nguyen-5'_36_111,asinh(2*x + 2),tensor(0.0501),-359.20531074758384
 Nguyen-5'_36_112,None,tensor(0.),<bound method Expression.r2 of <Expression.Expression object at 0x7f62781d4910>>
 Nguyen-5'_36_113,2*x**2 + sin(tan(x)),tensor(0.0607),-238.29541174816205
 Nguyen-5'_36_114,None,tensor(0.),<bound method Expression.r2 of <Expression.Expression object at 0x7f61d0184130>>
 Nguyen-5'_36_115,None,tensor(0.),<bound method Expression.r2 of <Expression.Expression object at 0x7f61f036f6a0>>
 Nguyen-5'_36_116,None,tensor(0.),<bound method Expression.r2 of <Expression.Expression object at 0x7f6228173e20>>
 Nguyen-5'_36_117,None,tensor(0.),<bound method Expression.r2 of <Expression.Expression object at 0x7f6228173370>>
 Nguyen-5'_36_118,None,tensor(0.),<bound method Expression.r2 of <Expression.Expression object at 0x7f62281733d0>>
 Nguyen-5'_36_119,None,tensor(0.),<bound method Expression.r2 of <Expression.Expression object at 0x7f62280f52e0>>
 Nguyen-5'_36_120,None,tensor(0.),<bound method Expression.r2 of <Expression.Expression object at 0x7f62280f5dc0>>
 Nguyen-5'_36_121,None,tensor(0.),<bound method Expression.r2 of <Expression.Expression object at 0x7f61f01b4640>>
 Nguyen-5'_36_122,None,tensor(0.),<bound method Expression.r2 of <Expression.Expression object at 0x7f61f01b4520>>
 Nguyen-5'_36_123,None,tensor(0.),<bound method Expression.r2 of <Expression.Expression object at 0x7f61f01b4bb0>>
 Nguyen-5'_36_124,None,tensor(0.),<bound method Expression.r2 of <Expression.Expression object at 0x7f61f01b4220>>
 Nguyen-5'_36_125,x*log(x) - x,tensor(0.),0
 Nguyen-5'_36_126,x**3*acosh(5)/3,tensor(0.0842),-117.35172894473695
 Nguyen-5'_36_127,None,tensor(0.),<bound method Expression.r2 of <Expression.Expression object at 0x7f6270177610>>
 Nguyen-5'_37_0,x*cos(1)**2,tensor(0.0844),-116.69203104516569
 Nguyen-5'_37_1,None,tensor(0.),<bound method Expression.r2 of <Expression.Expression object at 0x7f61eb184bb0>>
 Nguyen-5'_37_2,sqrt(x**2 + x),tensor(0.),0
 Nguyen-5'_37_3,x*(5 - x),tensor(0.0478),-396.43801377431885
 Nguyen-5'_37_4,None,tensor(0.),<bound method Expression.r2 of <Expression.Expression object at 0x7f61eb1f7f40>>
 Nguyen-5'_37_5,x + cos(x + 3),tensor(0.1364),-39.08073564693589
 Nguyen-5'_37_6,tan(x - 3),tensor(0.0725),-162.44917414689462
 Nguyen-5'_37_7,x*(x + sin(x)) + x,tensor(0.0617),-230.29626610581826
 Nguyen-5'_37_8,exp(x + 1),tensor(0.0307),-992.705396320471
 Nguyen-5'_37_9,x*asinh(x),tensor(0.0721),-164.7413402817848
 Nguyen-5'_37_10,x + exp(-x),tensor(0.0521),-330.089742520675
 Nguyen-5'_37_11,None,tensor(0.),<bound method Expression.r2 of <Expression.Expression object at 0x7f61eb1df670>>
 Nguyen-5'_37_12,None,tensor(0.),<bound method Expression.r2 of <Expression.Expression object at 0x7f62301b3250>>
 Nguyen-5'_37_13,4*x*sin(x),tensor(0.0489),-377.7934995906277
 Nguyen-5'_37_14,None,tensor(0.),<bound method Expression.r2 of <Expression.Expression object at 0x7f6228173190>>
 Nguyen-5'_37_15,None,tensor(0.),<bound method Expression.r2 of <Expression.Expression object at 0x7f61f03a0400>>
 Nguyen-5'_37_16,None,tensor(0.),<bound method Expression.r2 of <Expression.Expression object at 0x7f623017d430>>
 Nguyen-5'_37_17,None,tensor(0.),<bound method Expression.r2 of <Expression.Expression object at 0x7f61f01748b0>>
 Nguyen-5'_37_18,None,tensor(0.),<bound method Expression.r2 of <Expression.Expression object at 0x7f61f0174580>>
 Nguyen-5'_37_19,2*x + acos(x) + 1,tensor(0.0363),-705.3533721786891
 Nguyen-5'_37_20,None,tensor(0.),<bound method Expression.r2 of <Expression.Expression object at 0x7f6278187d60>>
 Nguyen-5'_37_21,5*x**4/2,tensor(0.0645),-209.23888524480972
 Nguyen-5'_37_22,None,tensor(0.),<bound method Expression.r2 of <Expression.Expression object at 0x7f61f03e11c0>>
 Nguyen-5'_37_23,None,tensor(0.),<bound method Expression.r2 of <Expression.Expression object at 0x7f6230057fd0>>
 Nguyen-5'_37_24,None,tensor(0.),<bound method Expression.r2 of <Expression.Expression object at 0x7f62300572e0>>
 Nguyen-5'_37_25,None,tensor(0.),<bound method Expression.r2 of <Expression.Expression object at 0x7f62281737c0>>
 Nguyen-5'_37_26,None,tensor(0.),<bound method Expression.r2 of <Expression.Expression object at 0x7f61f04ee610>>
 Nguyen-5'_37_27,None,tensor(0.),<bound method Expression.r2 of <Expression.Expression object at 0x7f62701f2730>>
 Nguyen-5'_37_28,None,tensor(0.),<bound method Expression.r2 of <Expression.Expression object at 0x7f61f04eedf0>>
 Nguyen-5'_37_29,25*x**3,tensor(0.0164),-3575.302524355806
 Nguyen-5'_37_30,None,tensor(0.),<bound method Expression.r2 of <Expression.Expression object at 0x7f61f0340d90>>
 Nguyen-5'_37_31,5*x*cos(x),tensor(0.0573),-269.25508730375896
 Nguyen-5'_37_32,x**3 + x + sin(x),tensor(0.0685),-184.10416142126664
 Nguyen-5'_37_33,None,tensor(0.),<bound method Expression.r2 of <Expression.Expression object at 0x7f627011ff70>>
 Nguyen-5'_37_34,-x**3/3,tensor(0.0834),-119.86664173992239
 Nguyen-5'_37_35,None,tensor(0.),<bound method Expression.r2 of <Expression.Expression object at 0x7f62281da610>>
 Nguyen-5'_37_36,None,tensor(0.),<bound method Expression.r2 of <Expression.Expression object at 0x7f61f046c2e0>>
 Nguyen-5'_37_37,x*(x + 3),tensor(0.0583),-259.5877560638511
 Nguyen-5'_37_38,None,tensor(0.),<bound method Expression.r2 of <Expression.Expression object at 0x7f62701aea90>>
 Nguyen-5'_37_39,None,tensor(0.),<bound method Expression.r2 of <Expression.Expression object at 0x7f6278162700>>
 Nguyen-5'_37_40,None,tensor(0.),<bound method Expression.r2 of <Expression.Expression object at 0x7f62300f0a30>>
 Nguyen-5'_37_41,None,tensor(0.),<bound method Expression.r2 of <Expression.Expression object at 0x7f61f0202a30>>
 Nguyen-5'_37_42,None,tensor(0.),<bound method Expression.r2 of <Expression.Expression object at 0x7f61f01b43d0>>
 Nguyen-5'_37_43,None,tensor(0.),<bound method Expression.r2 of <Expression.Expression object at 0x7f61f01b4df0>>
 Nguyen-5'_37_44,x*atan(2),tensor(0.0815),-126.13505675019613
 Nguyen-5'_37_45,exp(2*x - 1),tensor(0.0618),-229.70937861208122
 Nguyen-5'_37_46,None,tensor(0.),<bound method Expression.r2 of <Expression.Expression object at 0x7f627009c0d0>>
 Nguyen-5'_37_47,x + tan(x) + 3,tensor(0.0326),-881.484736045237
 Nguyen-5'_37_48,None,tensor(0.),<bound method Expression.r2 of <Expression.Expression object at 0x7f61f030d940>>
 Nguyen-5'_37_49,None,tensor(0.),<bound method Expression.r2 of <Expression.Expression object at 0x7f61f0250c70>>
 Nguyen-5'_37_50,None,tensor(0.),<bound method Expression.r2 of <Expression.Expression object at 0x7f61f0250a30>>
 Nguyen-5'_37_51,x**2*exp(2)/2,tensor(0.0482),-389.5439711753916
 Nguyen-5'_37_52,4*x + 4,tensor(0.0263),-1371.4208230562267
 Nguyen-5'_37_53,None,tensor(0.),<bound method Expression.r2 of <Expression.Expression object at 0x7f61f04ee6a0>>
 Nguyen-5'_37_54,None,tensor(0.),<bound method Expression.r2 of <Expression.Expression object at 0x7f62300b1a90>>
 Nguyen-5'_37_55,None,tensor(0.),<bound method Expression.r2 of <Expression.Expression object at 0x7f62281f0910>>
 Nguyen-5'_37_56,x + 3/x,tensor(0.0037),-72906.16887480445
 Nguyen-5'_37_57,None,tensor(0.),<bound method Expression.r2 of <Expression.Expression object at 0x7f61f04a2280>>
 Nguyen-5'_37_58,x*(x**3 + x)**2,tensor(0.0726),-162.23609812238385
 Nguyen-5'_37_59,x**2*(x + 3),tensor(0.0532),-316.2172629831935
 Nguyen-5'_37_60,None,tensor(0.),<bound method Expression.r2 of <Expression.Expression object at 0x7f61e80efdf0>>
 Nguyen-5'_37_61,None,tensor(0.),<bound method Expression.r2 of <Expression.Expression object at 0x7f61eb0b5160>>
 Nguyen-5'_37_62,None,tensor(0.),<bound method Expression.r2 of <Expression.Expression object at 0x7f62301c9460>>
 Nguyen-5'_37_63,None,tensor(0.),<bound method Expression.r2 of <Expression.Expression object at 0x7f62301c9f40>>
 Nguyen-5'_37_64,1,tensor(0.),0
 Nguyen-5'_37_65,x**2 + exp(2*x),tensor(0.0369),-681.0145853944906
 Nguyen-5'_37_66,None,tensor(0.),<bound method Expression.r2 of <Expression.Expression object at 0x7f622808a280>>
 Nguyen-5'_37_67,None,tensor(0.),<bound method Expression.r2 of <Expression.Expression object at 0x7f62701d1040>>
 Nguyen-5'_37_68,x**2 + tan(1),tensor(0.0423),-511.06452061969935
 Nguyen-5'_37_69,None,tensor(0.),<bound method Expression.r2 of <Expression.Expression object at 0x7f61f018fcd0>>
 Nguyen-5'_37_70,None,tensor(0.),<bound method Expression.r2 of <Expression.Expression object at 0x7f62280f55b0>>
 Nguyen-5'_37_71,None,tensor(0.),<bound method Expression.r2 of <Expression.Expression object at 0x7f6230082250>>
 Nguyen-5'_37_72,None,tensor(0.),<bound method Expression.r2 of <Expression.Expression object at 0x7f6228054100>>
 Nguyen-5'_37_73,None,tensor(0.),<bound method Expression.r2 of <Expression.Expression object at 0x7f6278187c40>>
 Nguyen-5'_37_74,None,tensor(0.),<bound method Expression.r2 of <Expression.Expression object at 0x7f622808a8b0>>
 Nguyen-5'_37_75,None,tensor(0.),<bound method Expression.r2 of <Expression.Expression object at 0x7f622808a100>>
 Nguyen-5'_37_76,None,tensor(0.),<bound method Expression.r2 of <Expression.Expression object at 0x7f623003d280>>
 Nguyen-5'_37_77,None,tensor(0.),<bound method Expression.r2 of <Expression.Expression object at 0x7f622808a4f0>>
 Nguyen-5'_37_78,12*x*tan(2),tensor(0.0101),-9526.435465711762
 Nguyen-5'_37_79,None,tensor(0.),<bound method Expression.r2 of <Expression.Expression object at 0x7f627007a430>>
 Nguyen-5'_37_80,None,tensor(0.),<bound method Expression.r2 of <Expression.Expression object at 0x7f6278071310>>
 Nguyen-5'_37_81,None,tensor(0.),<bound method Expression.r2 of <Expression.Expression object at 0x7f62701b44c0>>
 Nguyen-5'_37_82,None,tensor(0.),<bound method Expression.r2 of <Expression.Expression object at 0x7f627817f6a0>>
 Nguyen-5'_37_83,x**2*(2*x + 1),tensor(0.0694),-178.6118776610393
 Nguyen-5'_37_84,None,tensor(0.),<bound method Expression.r2 of <Expression.Expression object at 0x7f6230125c40>>
 Nguyen-5'_37_85,None,tensor(0.),<bound method Expression.r2 of <Expression.Expression object at 0x7f61f02f3d90>>
 Nguyen-5'_37_86,x*(x + 15),tensor(0.0178),-3034.1519255558856
 Nguyen-5'_37_87,(x**2 + 1)/x,tensor(0.0109),-8161.61944404432
 Nguyen-5'_37_88,None,tensor(0.),<bound method Expression.r2 of <Expression.Expression object at 0x7f62301f0eb0>>
 Nguyen-5'_37_89,None,tensor(0.),<bound method Expression.r2 of <Expression.Expression object at 0x7f6270174be0>>
 Nguyen-5'_37_90,x**5/25,tensor(0.0841),-117.51790869835597
 Nguyen-5'_37_91,None,tensor(0.),<bound method Expression.r2 of <Expression.Expression object at 0x7f62301b3b80>>
 Nguyen-5'_37_92,None,tensor(0.),<bound method Expression.r2 of <Expression.Expression object at 0x7f61f0264f10>>
 Nguyen-5'_37_93,None,tensor(0.),<bound method Expression.r2 of <Expression.Expression object at 0x7f62701a35e0>>
 Nguyen-5'_37_94,None,tensor(0.),<bound method Expression.r2 of <Expression.Expression object at 0x7f62781f43a0>>
 Nguyen-5'_37_95,None,tensor(0.),<bound method Expression.r2 of <Expression.Expression object at 0x7f62781f4af0>>
 Nguyen-5'_37_96,None,tensor(0.),<bound method Expression.r2 of <Expression.Expression object at 0x7f62701a9f40>>
 Nguyen-5'_37_97,None,tensor(0.),<bound method Expression.r2 of <Expression.Expression object at 0x7f62781f4880>>
 Nguyen-5'_37_98,None,tensor(0.),<bound method Expression.r2 of <Expression.Expression object at 0x7f61eb0b66a0>>
 Nguyen-5'_37_99,None,tensor(0.),<bound method Expression.r2 of <Expression.Expression object at 0x7f61eb0b6940>>
 Nguyen-5'_37_100,None,tensor(0.),<bound method Expression.r2 of <Expression.Expression object at 0x7f61eb0b6430>>
 Nguyen-5'_37_101,None,tensor(0.),<bound method Expression.r2 of <Expression.Expression object at 0x7f61eb0b63a0>>
 Nguyen-5'_37_102,x + Abs(x),tensor(0.0659),-199.8514510899787
 Nguyen-5'_37_103,None,tensor(0.),<bound method Expression.r2 of <Expression.Expression object at 0x7f61f0340e20>>
 Nguyen-5'_37_104,None,tensor(0.),<bound method Expression.r2 of <Expression.Expression object at 0x7f61f01b47f0>>
 Nguyen-5'_37_105,x**2 - sin(x),tensor(0.0676),-189.50456060359704
 Nguyen-5'_37_106,None,tensor(0.),<bound method Expression.r2 of <Expression.Expression object at 0x7f61f0202b20>>
 Nguyen-5'_37_107,None,tensor(0.),<bound method Expression.r2 of <Expression.Expression object at 0x7f61f030d280>>
 Nguyen-5'_37_108,None,tensor(0.),<bound method Expression.r2 of <Expression.Expression object at 0x7f62701f2910>>
 Nguyen-5'_37_109,-x**3 + x,tensor(0.0839),-118.18953818907119
 Nguyen-5'_37_110,x + 9,tensor(0.0149),-4353.445902012564
 Nguyen-5'_37_111,None,tensor(0.),<bound method Expression.r2 of <Expression.Expression object at 0x7f61e80dfc10>>
 Nguyen-5'_37_112,None,tensor(0.),<bound method Expression.r2 of <Expression.Expression object at 0x7f61f0174d00>>
 Nguyen-5'_37_113,None,tensor(0.),<bound method Expression.r2 of <Expression.Expression object at 0x7f627009c490>>
 Nguyen-5'_37_114,None,tensor(0.),<bound method Expression.r2 of <Expression.Expression object at 0x7f627009cc70>>
 Nguyen-5'_37_115,None,tensor(0.),<bound method Expression.r2 of <Expression.Expression object at 0x7f61d0196700>>
 Nguyen-5'_37_116,None,tensor(0.),<bound method Expression.r2 of <Expression.Expression object at 0x7f61d0196400>>
 Nguyen-5'_37_117,x + 1/x,tensor(0.0109),-8161.619444044317
 Nguyen-5'_37_118,x + cosh(x) + 1,tensor(0.0397),-585.2518890427547
 Nguyen-5'_37_119,tan(x + 2),tensor(0.0093),-11379.49002804135
 Nguyen-5'_37_120,None,tensor(0.),<bound method Expression.r2 of <Expression.Expression object at 0x7f6228172040>>
 Nguyen-5'_37_121,None,tensor(0.),<bound method Expression.r2 of <Expression.Expression object at 0x7f61eb1df790>>
 Nguyen-5'_37_122,None,tensor(0.),<bound method Expression.r2 of <Expression.Expression object at 0x7f61eb1df580>>
 Nguyen-5'_37_123,None,tensor(0.),<bound method Expression.r2 of <Expression.Expression object at 0x7f61eb0b5100>>
 Nguyen-5'_37_124,x,tensor(0.0821),-123.87640063774847
 Nguyen-5'_37_125,None,tensor(0.),<bound method Expression.r2 of <Expression.Expression object at 0x7f61f0250310>>
 Nguyen-5'_37_126,None,tensor(0.),<bound method Expression.r2 of <Expression.Expression object at 0x7f61f02509d0>>
 Nguyen-5'_37_127,None,tensor(0.),<bound method Expression.r2 of <Expression.Expression object at 0x7f61f0250e50>>
 Nguyen-5'_38_0,x**2/4,tensor(0.0806),-129.08329448229046
 Nguyen-5'_38_1,-4*x**2 + x,tensor(0.0947),-90.32551840740268
 Nguyen-5'_38_2,None,tensor(0.),<bound method Expression.r2 of <Expression.Expression object at 0x7f627011f5e0>>
 Nguyen-5'_38_3,None,tensor(0.),<bound method Expression.r2 of <Expression.Expression object at 0x7f62281dac10>>
 Nguyen-5'_38_4,None,tensor(0.),<bound method Expression.r2 of <Expression.Expression object at 0x7f6270190160>>
 Nguyen-5'_38_5,None,tensor(0.),<bound method Expression.r2 of <Expression.Expression object at 0x7f62701904f0>>
 Nguyen-5'_38_6,(x + 1)**2,tensor(0.0480),-391.91024629357054
 Nguyen-5'_38_7,x + (x + cos(x))/x,tensor(0.0109),-8211.323820667645
 Nguyen-5'_38_8,None,tensor(0.),<bound method Expression.r2 of <Expression.Expression object at 0x7f62301b3310>>
 Nguyen-5'_38_9,None,tensor(0.),<bound method Expression.r2 of <Expression.Expression object at 0x7f622808aac0>>
 Nguyen-5'_38_10,None,tensor(0.),<bound method Expression.r2 of <Expression.Expression object at 0x7f61f0570250>>
 Nguyen-5'_38_11,3*x*acos(x),tensor(0.0482),-388.28140580970074
 Nguyen-5'_38_12,None,tensor(0.),<bound method Expression.r2 of <Expression.Expression object at 0x7f6278089ca0>>
 Nguyen-5'_38_13,None,tensor(0.),<bound method Expression.r2 of <Expression.Expression object at 0x7f61d0184fd0>>
 Nguyen-5'_38_14,None,tensor(0.),<bound method Expression.r2 of <Expression.Expression object at 0x7f61d01840a0>>
 Nguyen-5'_38_15,None,tensor(0.),<bound method Expression.r2 of <Expression.Expression object at 0x7f61d0184d90>>
 Nguyen-5'_38_16,None,tensor(0.),<bound method Expression.r2 of <Expression.Expression object at 0x7f61d0184f40>>
 Nguyen-5'_38_17,None,tensor(0.),<bound method Expression.r2 of <Expression.Expression object at 0x7f61d0184a60>>
 Nguyen-5'_38_18,None,tensor(0.),<bound method Expression.r2 of <Expression.Expression object at 0x7f61d01847c0>>
 Nguyen-5'_38_19,None,tensor(0.),<bound method Expression.r2 of <Expression.Expression object at 0x7f62300af490>>
 Nguyen-5'_38_20,3*x*(x + 1),tensor(0.0479),-393.64749165368505
 Nguyen-5'_38_21,None,tensor(0.),<bound method Expression.r2 of <Expression.Expression object at 0x7f61f05415b0>>
 Nguyen-5'_38_22,None,tensor(0.),<bound method Expression.r2 of <Expression.Expression object at 0x7f62300af3d0>>
 Nguyen-5'_38_23,3*sin(1)/5,tensor(0.),0
 Nguyen-5'_38_24,2*x + sin(x),tensor(0.0644),-209.91795870975488
 Nguyen-5'_38_25,x*(2*x + 2),tensor(0.0578),-264.68052388995426
 Nguyen-5'_38_26,3*x**3*log(x),tensor(0.),0
 Nguyen-5'_38_27,-x**2 + 2*x,tensor(0.0811),-127.30476128599338
 Nguyen-5'_38_28,None,tensor(0.),<bound method Expression.r2 of <Expression.Expression object at 0x7f623017d370>>
 Nguyen-5'_38_29,None,tensor(0.),<bound method Expression.r2 of <Expression.Expression object at 0x7f622814c0d0>>
 Nguyen-5'_38_30,None,tensor(0.),<bound method Expression.r2 of <Expression.Expression object at 0x7f61f0174520>>
 Nguyen-5'_38_31,None,tensor(0.),<bound method Expression.r2 of <Expression.Expression object at 0x7f61f0170fa0>>
 Nguyen-5'_38_32,None,tensor(0.),<bound method Expression.r2 of <Expression.Expression object at 0x7f61f04c28e0>>
 Nguyen-5'_38_33,None,tensor(0.),<bound method Expression.r2 of <Expression.Expression object at 0x7f61eb1be6d0>>
 Nguyen-5'_38_34,-x,tensor(0.0781),-138.23677869483285
 Nguyen-5'_38_35,2*x + cos(x),tensor(0.0553),-290.35683209596823
 Nguyen-5'_38_36,x**3*atan(x),tensor(0.0772),-142.03454898994076
 Nguyen-5'_38_37,None,tensor(0.),<bound method Expression.r2 of <Expression.Expression object at 0x7f6228172dc0>>
 Nguyen-5'_38_38,None,tensor(0.),<bound method Expression.r2 of <Expression.Expression object at 0x7f61eb09bf70>>
 Nguyen-5'_38_39,4*x + sin(x),tensor(0.0473),-404.9386322176242
 Nguyen-5'_38_40,None,tensor(0.),<bound method Expression.r2 of <Expression.Expression object at 0x7f62781f4e80>>
 Nguyen-5'_38_41,None,tensor(0.),<bound method Expression.r2 of <Expression.Expression object at 0x7f62781f4eb0>>
 Nguyen-5'_38_42,None,tensor(0.),<bound method Expression.r2 of <Expression.Expression object at 0x7f62781f4d00>>
 Nguyen-5'_38_43,None,tensor(0.),<bound method Expression.r2 of <Expression.Expression object at 0x7f61eb0b5f10>>
 Nguyen-5'_38_44,None,tensor(0.),<bound method Expression.r2 of <Expression.Expression object at 0x7f62701d17c0>>
 Nguyen-5'_38_45,None,tensor(0.),<bound method Expression.r2 of <Expression.Expression object at 0x7f61eb0b5a30>>
 Nguyen-5'_38_46,None,tensor(0.),<bound method Expression.r2 of <Expression.Expression object at 0x7f61eb0b5a00>>
 Nguyen-5'_38_47,None,tensor(0.),<bound method Expression.r2 of <Expression.Expression object at 0x7f62701d1e20>>
 Nguyen-5'_38_48,None,tensor(0.),<bound method Expression.r2 of <Expression.Expression object at 0x7f61f02500a0>>
 Nguyen-5'_38_49,None,tensor(0.),<bound method Expression.r2 of <Expression.Expression object at 0x7f61f0250490>>
 Nguyen-5'_38_50,None,tensor(0.),<bound method Expression.r2 of <Expression.Expression object at 0x7f61f02500d0>>
 Nguyen-5'_38_51,2*x,tensor(0.0737),-156.93042877050974
 Nguyen-5'_38_52,None,tensor(0.),<bound method Expression.r2 of <Expression.Expression object at 0x7f61f030dfa0>>
 Nguyen-5'_38_53,4*log(x),tensor(0.),0
 Nguyen-5'_38_54,None,tensor(0.),<bound method Expression.r2 of <Expression.Expression object at 0x7f627016b670>>
 Nguyen-5'_38_55,None,tensor(0.),<bound method Expression.r2 of <Expression.Expression object at 0x7f627016ba60>>
 Nguyen-5'_38_56,None,tensor(0.),<bound method Expression.r2 of <Expression.Expression object at 0x7f61d01960a0>>
 Nguyen-5'_38_57,None,tensor(0.),<bound method Expression.r2 of <Expression.Expression object at 0x7f61eb1f3490>>
 Nguyen-5'_38_58,None,tensor(0.),<bound method Expression.r2 of <Expression.Expression object at 0x7f61eb1f39d0>>
 Nguyen-5'_38_59,x**3/16,tensor(0.0842),-117.37023352645956
 Nguyen-5'_38_60,None,tensor(0.),<bound method Expression.r2 of <Expression.Expression object at 0x7f61eb1f3910>>
 Nguyen-5'_38_61,2*x - log(cos(x)),tensor(0.0691),-180.68576980586178
 Nguyen-5'_38_62,x**3*(sqrt(x) + x),tensor(0.),0
 Nguyen-5'_38_63,None,tensor(0.),<bound method Expression.r2 of <Expression.Expression object at 0x7f62300b11c0>>
 Nguyen-5'_38_64,None,tensor(0.),<bound method Expression.r2 of <Expression.Expression object at 0x7f61f042f5e0>>
 Nguyen-5'_38_65,None,tensor(0.),<bound method Expression.r2 of <Expression.Expression object at 0x7f61f046e130>>
 Nguyen-5'_38_66,None,tensor(0.),<bound method Expression.r2 of <Expression.Expression object at 0x7f61f0170730>>
 Nguyen-5'_38_67,None,tensor(0.),<bound method Expression.r2 of <Expression.Expression object at 0x7f622808a970>>
 Nguyen-5'_38_68,None,tensor(0.),<bound method Expression.r2 of <Expression.Expression object at 0x7f622808a2b0>>
 Nguyen-5'_38_69,None,tensor(0.),<bound method Expression.r2 of <Expression.Expression object at 0x7f62301f06a0>>
 Nguyen-5'_38_70,None,tensor(0.),<bound method Expression.r2 of <Expression.Expression object at 0x7f61f03ecf70>>
 Nguyen-5'_38_71,None,tensor(0.),<bound method Expression.r2 of <Expression.Expression object at 0x7f61f03ec4f0>>
 Nguyen-5'_38_72,(x + 1)/x,tensor(0.0109),-8174.819212199463
 Nguyen-5'_38_73,None,tensor(0.),<bound method Expression.r2 of <Expression.Expression object at 0x7f62701a33d0>>
 Nguyen-5'_38_74,None,tensor(0.),<bound method Expression.r2 of <Expression.Expression object at 0x7f61f036b400>>
 Nguyen-5'_38_75,(2*x + 4)**2,tensor(0.0079),-15941.98670150148
 Nguyen-5'_38_76,26*x**2,tensor(0.0121),-6718.861999851798
 Nguyen-5'_38_77,2*x**2 - x,tensor(0.0579),-264.05547270393265
 Nguyen-5'_38_78,4*asin(x),tensor(0.0486),-381.41428415698596
 Nguyen-5'_38_79,None,tensor(0.),<bound method Expression.r2 of <Expression.Expression object at 0x7f627009c2b0>>
 Nguyen-5'_38_80,None,tensor(0.),<bound method Expression.r2 of <Expression.Expression object at 0x7f6228173d90>>
 Nguyen-5'_38_81,2*x + sin(x),tensor(0.0644),-209.91795870975488
 Nguyen-5'_38_82,tan(2*x + 1),tensor(0.0262),-1379.7565460308156
 Nguyen-5'_38_83,4*x**2 - x,tensor(0.0448),-454.5391802469147
 Nguyen-5'_38_84,-x - sin(x),tensor(0.0692),-179.83139458788625
 Nguyen-5'_38_85,x**6/26,tensor(0.0839),-118.34071126467265
 Nguyen-5'_38_86,x/(x + 4),tensor(0.0853),-113.9261614423477
 Nguyen-5'_38_87,x**2*sin(x),tensor(0.0840),-117.83121410177246
 Nguyen-5'_38_88,None,tensor(0.),<bound method Expression.r2 of <Expression.Expression object at 0x7f61eb1b8ca0>>
 Nguyen-5'_38_89,None,tensor(0.),<bound method Expression.r2 of <Expression.Expression object at 0x7f61eb1b8dc0>>
 Nguyen-5'_38_90,None,tensor(0.),<bound method Expression.r2 of <Expression.Expression object at 0x7f61eb1b89d0>>
 Nguyen-5'_38_91,None,tensor(0.),<bound method Expression.r2 of <Expression.Expression object at 0x7f62301c99d0>>
 Nguyen-5'_38_92,sinh(2*x**2 + 1),tensor(0.0292),-1103.3322847715197
 Nguyen-5'_38_93,None,tensor(0.),<bound method Expression.r2 of <Expression.Expression object at 0x7f61f04a2c70>>
 Nguyen-5'_38_94,None,tensor(0.),<bound method Expression.r2 of <Expression.Expression object at 0x7f62301c9b20>>
 Nguyen-5'_38_95,None,tensor(0.),<bound method Expression.r2 of <Expression.Expression object at 0x7f62301c9730>>
 Nguyen-5'_38_96,log(x + 1),tensor(0.0854),-113.56910661102897
 Nguyen-5'_38_97,x*(x + 2) + 2*x,tensor(0.0511),-343.2759739300745
 Nguyen-5'_38_98,None,tensor(0.),<bound method Expression.r2 of <Expression.Expression object at 0x7f61e80ef6a0>>
 Nguyen-5'_38_99,2*x*atanh(x),tensor(0.0521),-330.28085816439113
 Nguyen-5'_38_100,2*x*(x + 2),tensor(0.0476),-399.2112818849802
 Nguyen-5'_38_101,x + 4,tensor(0.0275),-1246.013958525307
 Nguyen-5'_38_102,None,tensor(0.),<bound method Expression.r2 of <Expression.Expression object at 0x7f61eb1b8f70>>
 Nguyen-5'_38_103,16*x**3,tensor(0.0251),-1506.50209044778
 Nguyen-5'_38_104,None,tensor(0.),<bound method Expression.r2 of <Expression.Expression object at 0x7f6278162880>>
 Nguyen-5'_38_105,None,tensor(0.),<bound method Expression.r2 of <Expression.Expression object at 0x7f62300afb20>>
 Nguyen-5'_38_106,None,tensor(0.),<bound method Expression.r2 of <Expression.Expression object at 0x7f62300af580>>
 Nguyen-5'_38_107,cosh(2*x),tensor(0.0423),-512.4766550696041
 Nguyen-5'_38_108,None,tensor(0.),<bound method Expression.r2 of <Expression.Expression object at 0x7f61f036fc70>>
 Nguyen-5'_38_109,26*x**2,tensor(0.0121),-6718.861999851798
 Nguyen-5'_38_110,None,tensor(0.),<bound method Expression.r2 of <Expression.Expression object at 0x7f627016b640>>
 Nguyen-5'_38_111,x**2 - 1,tensor(0.1261),-47.001909696006436
 Nguyen-5'_38_112,sin(2*x + 1)/2,tensor(0.0763),-145.455282232299
 Nguyen-5'_38_113,None,tensor(0.),<bound method Expression.r2 of <Expression.Expression object at 0x7f62301c9d00>>
 Nguyen-5'_38_114,25*x/(x + 4),tensor(0.0386),-619.8124210078555
 Nguyen-5'_38_115,None,tensor(0.),<bound method Expression.r2 of <Expression.Expression object at 0x7f61f04f55e0>>
 Nguyen-5'_38_116,0,tensor(0.),0
 Nguyen-5'_38_117,None,tensor(0.),<bound method Expression.r2 of <Expression.Expression object at 0x7f622808a310>>
 Nguyen-5'_38_118,x*(2*x + 4),tensor(0.0476),-399.2112818849802
 Nguyen-5'_38_119,None,tensor(0.),<bound method Expression.r2 of <Expression.Expression object at 0x7f6270118be0>>
 Nguyen-5'_38_120,None,tensor(0.),<bound method Expression.r2 of <Expression.Expression object at 0x7f61f054d3a0>>
 Nguyen-5'_38_121,2*x**2 - x,tensor(0.0579),-264.05547270393265
 Nguyen-5'_38_122,pi*x**2/2,tensor(0.0649),-206.28303127400576
 Nguyen-5'_38_123,x**2*(sqrt(x) + x),tensor(0.),0
 Nguyen-5'_38_124,None,tensor(0.),<bound method Expression.r2 of <Expression.Expression object at 0x7f62281232e0>>
 Nguyen-5'_38_125,4*x**3 + x,tensor(0.0582),-261.0743770102971
 Nguyen-5'_38_126,None,tensor(0.),<bound method Expression.r2 of <Expression.Expression object at 0x7f62701c7b80>>
 Nguyen-5'_38_127,2 - x,tensor(0.0403),-565.8458871572418
 Nguyen-5'_39_0,x*(2*x + 4),tensor(0.0476),-399.2112818849802
 Nguyen-5'_39_1,x**3 + x + 8,tensor(0.0165),-3573.4657413573395
 Nguyen-5'_39_2,None,tensor(0.),<bound method Expression.r2 of <Expression.Expression object at 0x7f6230154b80>>
 Nguyen-5'_39_3,None,tensor(0.),<bound method Expression.r2 of <Expression.Expression object at 0x7f6278089910>>
 Nguyen-5'_39_4,x + log(log(x)),tensor(0.),0
 Nguyen-5'_39_5,None,tensor(0.),<bound method Expression.r2 of <Expression.Expression object at 0x7f6278089610>>
 Nguyen-5'_39_6,None,tensor(0.),<bound method Expression.r2 of <Expression.Expression object at 0x7f61f0475280>>
 Nguyen-5'_39_7,None,tensor(0.),<bound method Expression.r2 of <Expression.Expression object at 0x7f62780d7eb0>>
 Nguyen-5'_39_8,None,tensor(0.),<bound method Expression.r2 of <Expression.Expression object at 0x7f61f0475880>>
 Nguyen-5'_39_9,None,tensor(0.),<bound method Expression.r2 of <Expression.Expression object at 0x7f62300f0520>>
 Nguyen-5'_39_10,(2*x + 1)**2,tensor(0.0337),-820.1997132245555
 Nguyen-5'_39_11,None,tensor(0.),<bound method Expression.r2 of <Expression.Expression object at 0x7f62300f07f0>>
 Nguyen-5'_39_12,None,tensor(0.),<bound method Expression.r2 of <Expression.Expression object at 0x7f62780d6610>>
 Nguyen-5'_39_13,x**2 + 55,tensor(0.0028),-123586.00419498296
 Nguyen-5'_39_14,None,tensor(0.),<bound method Expression.r2 of <Expression.Expression object at 0x7f62781629d0>>
 Nguyen-5'_39_15,None,tensor(0.),<bound method Expression.r2 of <Expression.Expression object at 0x7f62701d1730>>
 Nguyen-5'_39_16,x**2*(2*x + 4)**3,tensor(0.0029),-120366.75381108168
 Nguyen-5'_39_17,None,tensor(0.),<bound method Expression.r2 of <Expression.Expression object at 0x7f61eb0b5910>>
 Nguyen-5'_39_18,None,tensor(0.),<bound method Expression.r2 of <Expression.Expression object at 0x7f62301b39a0>>
 Nguyen-5'_39_19,-4*x**2 + 3*x,tensor(0.0648),-207.34785130000137
 Nguyen-5'_39_20,2/(x + 1),tensor(0.0077),-16436.7652219653
 Nguyen-5'_39_21,2*x**2 - x,tensor(0.0579),-264.05547270393265
 Nguyen-5'_39_22,None,tensor(0.),<bound method Expression.r2 of <Expression.Expression object at 0x7f61eb184760>>
 Nguyen-5'_39_23,None,tensor(0.),<bound method Expression.r2 of <Expression.Expression object at 0x7f61d0184a30>>
 Nguyen-5'_39_24,None,tensor(0.),<bound method Expression.r2 of <Expression.Expression object at 0x7f61eb1df4f0>>
 Nguyen-5'_39_25,None,tensor(0.),<bound method Expression.r2 of <Expression.Expression object at 0x7f61eb1dfb20>>
 Nguyen-5'_39_26,None,tensor(0.),<bound method Expression.r2 of <Expression.Expression object at 0x7f61eb1df2b0>>
 Nguyen-5'_39_27,x + exp(sqrt(x)),tensor(0.),0
 Nguyen-5'_39_28,x*cos(x + 2),tensor(0.0951),-89.492935614005
 Nguyen-5'_39_29,2*x**3 + x,tensor(0.0711),-169.58528350845486
 Nguyen-5'_39_30,None,tensor(0.),<bound method Expression.r2 of <Expression.Expression object at 0x7f61f04f52e0>>
 Nguyen-5'_39_31,x*(x**2 + x) - x,tensor(0.0700),-175.7501725706072
 Nguyen-5'_39_32,x**5 + x**3/3,tensor(0.0834),-119.80949324342876
 Nguyen-5'_39_33,1/(3*x + 1),tensor(0.0208),-2213.47182852008
 Nguyen-5'_39_34,None,tensor(0.),<bound method Expression.r2 of <Expression.Expression object at 0x7f6228038dc0>>
 Nguyen-5'_39_35,None,tensor(0.),<bound method Expression.r2 of <Expression.Expression object at 0x7f61d0196190>>
 Nguyen-5'_39_36,None,tensor(0.),<bound method Expression.r2 of <Expression.Expression object at 0x7f62780894f0>>
 Nguyen-5'_39_37,x + asinh(x),tensor(0.0745),-153.45318870049766
 Nguyen-5'_39_38,None,tensor(0.),<bound method Expression.r2 of <Expression.Expression object at 0x7f62300afa90>>
 Nguyen-5'_39_39,4*acos(x),tensor(0.0182),-2919.41869970888
 Nguyen-5'_39_40,None,tensor(0.),<bound method Expression.r2 of <Expression.Expression object at 0x7f62300af3a0>>
 Nguyen-5'_39_41,None,tensor(0.),<bound method Expression.r2 of <Expression.Expression object at 0x7f61d01844f0>>
 Nguyen-5'_39_42,None,tensor(0.),<bound method Expression.r2 of <Expression.Expression object at 0x7f62280f5c40>>
 Nguyen-5'_39_43,None,tensor(0.),<bound method Expression.r2 of <Expression.Expression object at 0x7f627016bbe0>>
 Nguyen-5'_39_44,None,tensor(0.),<bound method Expression.r2 of <Expression.Expression object at 0x7f627016b910>>
 Nguyen-5'_39_45,x*tan(5),tensor(0.0549),-295.1818788083858
 Nguyen-5'_39_46,None,tensor(0.),<bound method Expression.r2 of <Expression.Expression object at 0x7f627016bb50>>
 Nguyen-5'_39_47,None,tensor(0.),<bound method Expression.r2 of <Expression.Expression object at 0x7f61eb1d5280>>
 Nguyen-5'_39_48,atan(3*x),tensor(0.0773),-141.63994321800163
 Nguyen-5'_39_49,None,tensor(0.),<bound method Expression.r2 of <Expression.Expression object at 0x7f61eb1b8af0>>
 Nguyen-5'_39_50,None,tensor(0.),<bound method Expression.r2 of <Expression.Expression object at 0x7f61eb1b8310>>
 Nguyen-5'_39_51,x**2 + 2*x + 1,tensor(0.0480),-391.91024629357054
 Nguyen-5'_39_52,None,tensor(0.),<bound method Expression.r2 of <Expression.Expression object at 0x7f61f04ee4c0>>
 Nguyen-5'_39_53,None,tensor(0.),<bound method Expression.r2 of <Expression.Expression object at 0x7f61f04eef10>>
 Nguyen-5'_39_54,None,tensor(0.),<bound method Expression.r2 of <Expression.Expression object at 0x7f61eb1b8d60>>
 Nguyen-5'_39_55,None,tensor(0.),<bound method Expression.r2 of <Expression.Expression object at 0x7f61eb1b8d00>>
 Nguyen-5'_39_56,x + tan(5),tensor(0.0831),-120.71818884183462
 Nguyen-5'_39_57,None,tensor(0.),<bound method Expression.r2 of <Expression.Expression object at 0x7f61eb1b8c40>>
 Nguyen-5'_39_58,None,tensor(0.),<bound method Expression.r2 of <Expression.Expression object at 0x7f6228172940>>
 Nguyen-5'_39_59,sin(x)/32,tensor(0.0841),-117.4554291578752
 Nguyen-5'_39_60,None,tensor(0.),<bound method Expression.r2 of <Expression.Expression object at 0x7f61f046c850>>
 Nguyen-5'_39_61,x**4/4 + x,tensor(0.0803),-130.04256136642852
 Nguyen-5'_39_62,None,tensor(0.),<bound method Expression.r2 of <Expression.Expression object at 0x7f62281720d0>>
 Nguyen-5'_39_63,None,tensor(0.),<bound method Expression.r2 of <Expression.Expression object at 0x7f61f0210820>>
 Nguyen-5'_39_64,log(5*x**2),tensor(0.0656),-202.1947507400138
 Nguyen-5'_39_65,None,tensor(0.),<bound method Expression.r2 of <Expression.Expression object at 0x7f61e80df550>>
 Nguyen-5'_39_66,None,tensor(0.),<bound method Expression.r2 of <Expression.Expression object at 0x7f61e80dfd30>>
 Nguyen-5'_39_67,16*x**3,tensor(0.0251),-1506.50209044778
 Nguyen-5'_39_68,None,tensor(0.),<bound method Expression.r2 of <Expression.Expression object at 0x7f61d01538e0>>
 Nguyen-5'_39_69,None,tensor(0.),<bound method Expression.r2 of <Expression.Expression object at 0x7f61d0153220>>
 Nguyen-5'_39_70,None,tensor(0.),<bound method Expression.r2 of <Expression.Expression object at 0x7f61d0153a60>>
 Nguyen-5'_39_71,None,tensor(0.),<bound method Expression.r2 of <Expression.Expression object at 0x7f61d0153ac0>>
 Nguyen-5'_39_72,None,tensor(0.),<bound method Expression.r2 of <Expression.Expression object at 0x7f61d01532e0>>
 Nguyen-5'_39_73,None,tensor(0.),<bound method Expression.r2 of <Expression.Expression object at 0x7f61d0153d00>>
 Nguyen-5'_39_74,2*x*(x + 1),tensor(0.0578),-264.68052388995426
 Nguyen-5'_39_75,None,tensor(0.),<bound method Expression.r2 of <Expression.Expression object at 0x7f623017d9a0>>
 Nguyen-5'_39_76,None,tensor(0.),<bound method Expression.r2 of <Expression.Expression object at 0x7f62300f0c70>>
 Nguyen-5'_39_77,x**2*atan(x),tensor(0.0841),-117.55946008037601
 Nguyen-5'_39_78,None,tensor(0.),<bound method Expression.r2 of <Expression.Expression object at 0x7f62301d67f0>>
 Nguyen-5'_39_79,4*x**3,tensor(0.0674),-190.1781467845225
 Nguyen-5'_39_80,None,tensor(0.),<bound method Expression.r2 of <Expression.Expression object at 0x7f61f0475fd0>>
 Nguyen-5'_39_81,None,tensor(0.),<bound method Expression.r2 of <Expression.Expression object at 0x7f62780d7a30>>
 Nguyen-5'_39_82,None,tensor(0.),<bound method Expression.r2 of <Expression.Expression object at 0x7f62780d73d0>>
 Nguyen-5'_39_83,8*x + cos(x),tensor(0.0302),-1033.367183482584
 Nguyen-5'_39_84,None,tensor(0.),<bound method Expression.r2 of <Expression.Expression object at 0x7f6278071cd0>>
 Nguyen-5'_39_85,None,tensor(0.),<bound method Expression.r2 of <Expression.Expression object at 0x7f62280b70d0>>
 Nguyen-5'_39_86,None,tensor(0.),<bound method Expression.r2 of <Expression.Expression object at 0x7f61eb0b5760>>
 Nguyen-5'_39_87,None,tensor(0.),<bound method Expression.r2 of <Expression.Expression object at 0x7f627016bdc0>>
 Nguyen-5'_39_88,None,tensor(0.),<bound method Expression.r2 of <Expression.Expression object at 0x7f61d0196820>>
 Nguyen-5'_39_89,None,tensor(0.),<bound method Expression.r2 of <Expression.Expression object at 0x7f627016bd00>>
 Nguyen-5'_39_90,x**3 + x + acos(4),tensor(0.),0
 Nguyen-5'_39_91,-x + sin(x),tensor(0.0838),-118.55803425446825
 Nguyen-5'_39_92,None,tensor(0.),<bound method Expression.r2 of <Expression.Expression object at 0x7f61eb09b9d0>>
 Nguyen-5'_39_93,4*x**2 + x,tensor(0.0467),-416.08733700362325
 Nguyen-5'_39_94,None,tensor(0.),<bound method Expression.r2 of <Expression.Expression object at 0x7f61eb0b5250>>
 Nguyen-5'_39_95,None,tensor(0.),<bound method Expression.r2 of <Expression.Expression object at 0x7f61f046eb80>>
 Nguyen-5'_39_96,None,tensor(0.),<bound method Expression.r2 of <Expression.Expression object at 0x7f62301f1cd0>>
 Nguyen-5'_39_97,None,tensor(0.),<bound method Expression.r2 of <Expression.Expression object at 0x7f62301d6610>>
 Nguyen-5'_39_98,2*x + sin(x) + 2,tensor(0.0391),-602.3471794783441
 Nguyen-5'_39_99,None,tensor(0.),<bound method Expression.r2 of <Expression.Expression object at 0x7f61f030d430>>
 Nguyen-5'_39_100,None,tensor(0.),<bound method Expression.r2 of <Expression.Expression object at 0x7f61eb0b6e80>>
 Nguyen-5'_39_101,x**4*exp(x),tensor(0.0729),-160.81312248165293
 Nguyen-5'_39_102,None,tensor(0.),<bound method Expression.r2 of <Expression.Expression object at 0x7f61eb1848e0>>
 Nguyen-5'_39_103,None,tensor(0.),<bound method Expression.r2 of <Expression.Expression object at 0x7f61f01b41c0>>
 Nguyen-5'_39_104,None,tensor(0.),<bound method Expression.r2 of <Expression.Expression object at 0x7f61f01b44f0>>
 Nguyen-5'_39_105,x*(x**3 + x),tensor(0.0643),-210.96876906889304
 Nguyen-5'_39_106,None,tensor(0.),<bound method Expression.r2 of <Expression.Expression object at 0x7f61f0349700>>
 Nguyen-5'_39_107,None,tensor(0.),<bound method Expression.r2 of <Expression.Expression object at 0x7f61eb1df700>>
 Nguyen-5'_39_108,None,tensor(0.),<bound method Expression.r2 of <Expression.Expression object at 0x7f61f0349790>>
 Nguyen-5'_39_109,None,tensor(0.),<bound method Expression.r2 of <Expression.Expression object at 0x7f61eb1df550>>
 Nguyen-5'_39_110,tan(x) + acos(x),tensor(0.0465),-419.3177898969337
 Nguyen-5'_39_111,None,tensor(0.),<bound method Expression.r2 of <Expression.Expression object at 0x7f61eb1b8790>>
 Nguyen-5'_39_112,x*sinh(x) + 2*x,tensor(0.0646),-208.5385761540985
 Nguyen-5'_39_113,None,tensor(0.),<bound method Expression.r2 of <Expression.Expression object at 0x7f61d0184e80>>
 Nguyen-5'_39_114,None,tensor(0.),<bound method Expression.r2 of <Expression.Expression object at 0x7f61eb1d5ee0>>
 Nguyen-5'_39_115,9*x*cos(x),tensor(0.0379),-644.4067007611343
 Nguyen-5'_39_116,-sinh(x),tensor(0.0772),-142.0208951653675
 Nguyen-5'_39_117,None,tensor(0.),<bound method Expression.r2 of <Expression.Expression object at 0x7f61f0210b50>>
 Nguyen-5'_39_118,(x + 2)/x,tensor(0.0055),-32283.61199418953
 Nguyen-5'_39_119,None,tensor(0.),<bound method Expression.r2 of <Expression.Expression object at 0x7f61eb087970>>
 Nguyen-5'_39_120,None,tensor(0.),<bound method Expression.r2 of <Expression.Expression object at 0x7f61d0153b80>>
 Nguyen-5'_39_121,x**2*acos(x),tensor(0.0624),-225.02552912011785
 Nguyen-5'_39_122,None,tensor(0.),<bound method Expression.r2 of <Expression.Expression object at 0x7f61eb17e940>>
 Nguyen-5'_39_123,2,tensor(0.),0
 Nguyen-5'_39_124,None,tensor(0.),<bound method Expression.r2 of <Expression.Expression object at 0x7f61eb1b8670>>
 Nguyen-5'_39_125,x + E*x,tensor(0.0566),-276.36821343826864
 Nguyen-5'_39_126,None,tensor(0.),<bound method Expression.r2 of <Expression.Expression object at 0x7f61f0170640>>
 Nguyen-5'_39_127,None,tensor(0.),<bound method Expression.r2 of <Expression.Expression object at 0x7f61f0250220>>
 Nguyen-5'_40_0,None,tensor(0.),<bound method Expression.r2 of <Expression.Expression object at 0x7f623017d550>>
 Nguyen-5'_40_1,None,tensor(0.),<bound method Expression.r2 of <Expression.Expression object at 0x7f62300b1100>>
 Nguyen-5'_40_2,None,tensor(0.),<bound method Expression.r2 of <Expression.Expression object at 0x7f61f0570160>>
 Nguyen-5'_40_3,None,tensor(0.),<bound method Expression.r2 of <Expression.Expression object at 0x7f61f03af340>>
 Nguyen-5'_40_4,None,tensor(0.),<bound method Expression.r2 of <Expression.Expression object at 0x7f61eb1f7280>>
 Nguyen-5'_40_5,E*x**5,tensor(0.0791),-134.58563632223692
 Nguyen-5'_40_6,x*cos(3),tensor(0.0782),-137.89783670599002
 Nguyen-5'_40_7,None,tensor(0.),<bound method Expression.r2 of <Expression.Expression object at 0x7f62280b76a0>>
 Nguyen-5'_40_8,x**(1/3),tensor(0.),0
 Nguyen-5'_40_9,None,tensor(0.),<bound method Expression.r2 of <Expression.Expression object at 0x7f6230082c40>>
 Nguyen-5'_40_10,None,tensor(0.),<bound method Expression.r2 of <Expression.Expression object at 0x7f6278058460>>
 Nguyen-5'_40_11,None,tensor(0.),<bound method Expression.r2 of <Expression.Expression object at 0x7f62780582e0>>
 Nguyen-5'_40_12,None,tensor(0.),<bound method Expression.r2 of <Expression.Expression object at 0x7f62780bd9d0>>
 Nguyen-5'_40_13,None,tensor(0.),<bound method Expression.r2 of <Expression.Expression object at 0x7f627009c5b0>>
 Nguyen-5'_40_14,x**2*exp(-5)/2,tensor(0.0840),-117.79260649442605
 Nguyen-5'_40_15,None,tensor(0.),<bound method Expression.r2 of <Expression.Expression object at 0x7f627803d850>>
 Nguyen-5'_40_16,None,tensor(0.),<bound method Expression.r2 of <Expression.Expression object at 0x7f627009ce50>>
 Nguyen-5'_40_17,None,tensor(0.),<bound method Expression.r2 of <Expression.Expression object at 0x7f62781f4dc0>>
 Nguyen-5'_40_18,x + x*exp(-x**2),tensor(0.0777),-139.88873431424932
 Nguyen-5'_40_19,-x**2,tensor(0.0989),-81.996650164788
 Nguyen-5'_40_20,None,tensor(0.),<bound method Expression.r2 of <Expression.Expression object at 0x7f62281f36a0>>
 Nguyen-5'_40_21,None,tensor(0.),<bound method Expression.r2 of <Expression.Expression object at 0x7f62281722e0>>
 Nguyen-5'_40_22,None,tensor(0.),<bound method Expression.r2 of <Expression.Expression object at 0x7f62281723d0>>
 Nguyen-5'_40_23,(x + 1)*cos(x),tensor(0.0586),-257.238019251693
 Nguyen-5'_40_24,None,tensor(0.),<bound method Expression.r2 of <Expression.Expression object at 0x7f61eb03e730>>
 Nguyen-5'_40_25,None,tensor(0.),<bound method Expression.r2 of <Expression.Expression object at 0x7f61eb17e2e0>>
 Nguyen-5'_40_26,log(x**3/3),tensor(0.),0
 Nguyen-5'_40_27,x,tensor(0.0821),-123.87640063774847
 Nguyen-5'_40_28,None,tensor(0.),<bound method Expression.r2 of <Expression.Expression object at 0x7f61d0153280>>
 Nguyen-5'_40_29,None,tensor(0.),<bound method Expression.r2 of <Expression.Expression object at 0x7f61d0153c70>>
 Nguyen-5'_40_30,None,tensor(0.),<bound method Expression.r2 of <Expression.Expression object at 0x7f61d01534c0>>
 Nguyen-5'_40_31,x/sin(x),tensor(0.0543),-301.9526328075394
 Nguyen-5'_40_32,None,tensor(0.),<bound method Expression.r2 of <Expression.Expression object at 0x7f61eb0b6f40>>
 Nguyen-5'_40_33,None,tensor(0.),<bound method Expression.r2 of <Expression.Expression object at 0x7f61eb0b60a0>>
 Nguyen-5'_40_34,2*(x + 2)/x,tensor(0.0028),-129112.61331346224
 Nguyen-5'_40_35,None,tensor(0.),<bound method Expression.r2 of <Expression.Expression object at 0x7f61eb0b6790>>
 Nguyen-5'_40_36,None,tensor(0.),<bound method Expression.r2 of <Expression.Expression object at 0x7f61f0210a00>>
 Nguyen-5'_40_37,E*x**3,tensor(0.0760),-146.99875339898512
 Nguyen-5'_40_38,None,tensor(0.),<bound method Expression.r2 of <Expression.Expression object at 0x7f61f0210dc0>>
 Nguyen-5'_40_39,x**2*(x + acosh(x)),tensor(0.),0
 Nguyen-5'_40_40,None,tensor(0.),<bound method Expression.r2 of <Expression.Expression object at 0x7f61eb07c610>>
 Nguyen-5'_40_41,None,tensor(0.),<bound method Expression.r2 of <Expression.Expression object at 0x7f62701775b0>>
 Nguyen-5'_40_42,2*log(4*x),tensor(0.),0
 Nguyen-5'_40_43,None,tensor(0.),<bound method Expression.r2 of <Expression.Expression object at 0x7f61f0264220>>
 Nguyen-5'_40_44,3*log(x)/2,tensor(0.),0
 Nguyen-5'_40_45,x - 2,tensor(0.1890),-17.41028732805177
 Nguyen-5'_40_46,4*x + cos(x),tensor(0.0459),-430.7357034613641
 Nguyen-5'_40_47,x**6/15,tensor(0.0837),-118.85622908237953
 Nguyen-5'_40_48,None,tensor(0.),<bound method Expression.r2 of <Expression.Expression object at 0x7f61eb09b1c0>>
 Nguyen-5'_40_49,sin(x) + acos(x),tensor(0.0461),-426.34644160179994
 Nguyen-5'_40_50,x + acosh(x + 4),tensor(0.0408),-551.6310854894234
 Nguyen-5'_40_51,None,tensor(0.),<bound method Expression.r2 of <Expression.Expression object at 0x7f61f036bcd0>>
 Nguyen-5'_40_52,None,tensor(0.),<bound method Expression.r2 of <Expression.Expression object at 0x7f61f0285580>>
 Nguyen-5'_40_53,None,tensor(0.),<bound method Expression.r2 of <Expression.Expression object at 0x7f61f0285220>>
 Nguyen-5'_40_54,None,tensor(0.),<bound method Expression.r2 of <Expression.Expression object at 0x7f62301b3670>>
 Nguyen-5'_40_55,None,tensor(0.),<bound method Expression.r2 of <Expression.Expression object at 0x7f61f0530c10>>
 Nguyen-5'_40_56,None,tensor(0.),<bound method Expression.r2 of <Expression.Expression object at 0x7f61f030daf0>>
 Nguyen-5'_40_57,None,tensor(0.),<bound method Expression.r2 of <Expression.Expression object at 0x7f61f030d400>>
 Nguyen-5'_40_58,5*x**6,tensor(0.0563),-280.15722536139333
 Nguyen-5'_40_59,None,tensor(0.),<bound method Expression.r2 of <Expression.Expression object at 0x7f6228087970>>
 Nguyen-5'_40_60,None,tensor(0.),<bound method Expression.r2 of <Expression.Expression object at 0x7f61f0250460>>
 Nguyen-5'_40_61,None,tensor(0.),<bound method Expression.r2 of <Expression.Expression object at 0x7f61e80dfeb0>>
 Nguyen-5'_40_62,None,tensor(0.),<bound method Expression.r2 of <Expression.Expression object at 0x7f61e80df130>>
 Nguyen-5'_40_63,None,tensor(0.),<bound method Expression.r2 of <Expression.Expression object at 0x7f61e80df760>>
 Nguyen-5'_40_64,x**3*log(3*x),tensor(0.),0
 Nguyen-5'_40_65,None,tensor(0.),<bound method Expression.r2 of <Expression.Expression object at 0x7f61f0170490>>
 Nguyen-5'_40_66,5*x**7/7,tensor(0.0842),-117.16295354465431
 Nguyen-5'_40_67,None,tensor(0.),<bound method Expression.r2 of <Expression.Expression object at 0x7f62301008b0>>
 Nguyen-5'_40_68,-4/x**5,tensor(3.2633e-11),-9.39040757065477e+20
 Nguyen-5'_40_69,None,tensor(0.),<bound method Expression.r2 of <Expression.Expression object at 0x7f627009c1c0>>
 Nguyen-5'_40_70,None,tensor(0.),<bound method Expression.r2 of <Expression.Expression object at 0x7f61f03490a0>>
 Nguyen-5'_40_71,(x + 1)**3,tensor(0.0371),-672.0786577367776
 Nguyen-5'_40_72,None,tensor(0.),<bound method Expression.r2 of <Expression.Expression object at 0x7f61f04dc2b0>>
 Nguyen-5'_40_73,4*x + cos(x),tensor(0.0459),-430.7357034613641
 Nguyen-5'_40_74,None,tensor(0.),<bound method Expression.r2 of <Expression.Expression object at 0x7f62301c9400>>
 Nguyen-5'_40_75,1/(x*(x**2 + x)),tensor(0.0001),-61921306.890504256
 Nguyen-5'_40_76,None,tensor(0.),<bound method Expression.r2 of <Expression.Expression object at 0x7f627012dac0>>
 Nguyen-5'_40_77,exp(-x)/x,tensor(0.0110),-8099.913423214127
 Nguyen-5'_40_78,x**3*sin(1),tensor(0.0841),-117.69438918018965
 Nguyen-5'_40_79,x**2 - x,tensor(0.0670),-193.0629990076475
 Nguyen-5'_40_80,None,tensor(0.),<bound method Expression.r2 of <Expression.Expression object at 0x7f61eb03e7c0>>
 Nguyen-5'_40_81,None,tensor(0.),<bound method Expression.r2 of <Expression.Expression object at 0x7f62300afe50>>
 Nguyen-5'_40_82,(x + 8)**2,tensor(0.0025),-164245.5354068378
 Nguyen-5'_40_83,None,tensor(0.),<bound method Expression.r2 of <Expression.Expression object at 0x7f6270134b20>>
 Nguyen-5'_40_84,None,tensor(0.),<bound method Expression.r2 of <Expression.Expression object at 0x7f6270134160>>
 Nguyen-5'_40_85,None,tensor(0.),<bound method Expression.r2 of <Expression.Expression object at 0x7f61eb1df1f0>>
 Nguyen-5'_40_86,-cos(x),tensor(0.1485),-31.872400883989044
 Nguyen-5'_40_87,None,tensor(0.),<bound method Expression.r2 of <Expression.Expression object at 0x7f61f01b49a0>>
 Nguyen-5'_40_88,None,tensor(0.),<bound method Expression.r2 of <Expression.Expression object at 0x7f62701c8730>>
 Nguyen-5'_40_89,x,tensor(0.0821),-123.87640063774847
 Nguyen-5'_40_90,None,tensor(0.),<bound method Expression.r2 of <Expression.Expression object at 0x7f61eb1b8f40>>
 Nguyen-5'_40_91,-x + x*exp(3),tensor(0.0141),-4865.815486103761
 Nguyen-5'_40_92,None,tensor(0.),<bound method Expression.r2 of <Expression.Expression object at 0x7f627803d400>>
 Nguyen-5'_40_93,None,tensor(0.),<bound method Expression.r2 of <Expression.Expression object at 0x7f62301f1fd0>>
 Nguyen-5'_40_94,sin(x - 1),tensor(0.1312),-42.87226191474414
 Nguyen-5'_40_95,None,tensor(0.),<bound method Expression.r2 of <Expression.Expression object at 0x7f61f046eee0>>
 Nguyen-5'_40_96,None,tensor(0.),<bound method Expression.r2 of <Expression.Expression object at 0x7f61d0196c40>>
 Nguyen-5'_40_97,None,tensor(0.),<bound method Expression.r2 of <Expression.Expression object at 0x7f6270134610>>
 Nguyen-5'_40_98,4*x,tensor(0.0542),-303.5069193586393
 Nguyen-5'_40_99,exp(x) + 1,tensor(0.0396),-586.1603494002737
 Nguyen-5'_40_100,None,tensor(0.),<bound method Expression.r2 of <Expression.Expression object at 0x7f6270134730>>
 Nguyen-5'_40_101,-x*(x + 1),tensor(0.0907),-99.57681176548881
 Nguyen-5'_40_102,14*acos(x)/x,tensor(0.0005),-3950395.4032406504
 Nguyen-5'_40_103,x/(1 - x),tensor(0.0282),-1183.4762875546662
 Nguyen-5'_40_104,None,tensor(0.),<bound method Expression.r2 of <Expression.Expression object at 0x7f61f04de8b0>>
 Nguyen-5'_40_105,None,tensor(0.),<bound method Expression.r2 of <Expression.Expression object at 0x7f6228172c10>>
 Nguyen-5'_40_106,None,tensor(0.),<bound method Expression.r2 of <Expression.Expression object at 0x7f6228172550>>
 Nguyen-5'_40_107,None,tensor(0.),<bound method Expression.r2 of <Expression.Expression object at 0x7f61eb03e250>>
 Nguyen-5'_40_108,x**4*(x + exp(x)),tensor(0.0716),-167.35874614527557
 Nguyen-5'_40_109,sin(sin(x)),tensor(0.0830),-121.16601368158692
 Nguyen-5'_40_110,exp(x - 1),tensor(0.0690),-180.90245006925446
 Nguyen-5'_40_111,None,tensor(0.),<bound method Expression.r2 of <Expression.Expression object at 0x7f62300af100>>
 Nguyen-5'_40_112,None,tensor(0.),<bound method Expression.r2 of <Expression.Expression object at 0x7f61f05419a0>>
 Nguyen-5'_40_113,x + asinh(x),tensor(0.0745),-153.45318870049766
 Nguyen-5'_40_114,None,tensor(0.),<bound method Expression.r2 of <Expression.Expression object at 0x7f6278089b80>>
 Nguyen-5'_40_115,x - exp(x),tensor(0.1966),-15.702024132248258
 Nguyen-5'_40_116,None,tensor(0.),<bound method Expression.r2 of <Expression.Expression object at 0x7f61f05411c0>>
 Nguyen-5'_40_117,x*(x - 1/x),tensor(0.1261),-47.001909696006436
 Nguyen-5'_40_118,None,tensor(0.),<bound method Expression.r2 of <Expression.Expression object at 0x7f62781238e0>>
 Nguyen-5'_40_119,None,tensor(0.),<bound method Expression.r2 of <Expression.Expression object at 0x7f61eb1840a0>>
 Nguyen-5'_40_120,x/log(3*x),tensor(0.),0
 Nguyen-5'_40_121,x*(x*cos(x) + x),tensor(0.0636),-215.55451553342346
 Nguyen-5'_40_122,None,tensor(0.),<bound method Expression.r2 of <Expression.Expression object at 0x7f6228054a90>>
 Nguyen-5'_40_123,None,tensor(0.),<bound method Expression.r2 of <Expression.Expression object at 0x7f62701a9df0>>
 Nguyen-5'_40_124,1/(2*x + 2),tensor(0.0270),-1293.7762551680237
 Nguyen-5'_40_125,None,tensor(0.),<bound method Expression.r2 of <Expression.Expression object at 0x7f62780bd520>>
 Nguyen-5'_40_126,None,tensor(0.),<bound method Expression.r2 of <Expression.Expression object at 0x7f6228179760>>
 Nguyen-5'_40_127,5/(4*x**2),tensor(0.0001),-94843629.81437089
 Nguyen-5'_41_0,None,tensor(0.),<bound method Expression.r2 of <Expression.Expression object at 0x7f61f054c310>>
 Nguyen-5'_41_1,cosh(x + 2),tensor(0.0246),-1567.5289147828466
 Nguyen-5'_41_2,None,tensor(0.),<bound method Expression.r2 of <Expression.Expression object at 0x7f6228123c70>>
 Nguyen-5'_41_3,x*(1 - x),tensor(0.0943),-91.23930000495619
 Nguyen-5'_41_4,None,tensor(0.),<bound method Expression.r2 of <Expression.Expression object at 0x7f62301f1ee0>>
 Nguyen-5'_41_5,None,tensor(0.),<bound method Expression.r2 of <Expression.Expression object at 0x7f61eb07c430>>
 Nguyen-5'_41_6,None,tensor(0.),<bound method Expression.r2 of <Expression.Expression object at 0x7f61eb07ccd0>>
 Nguyen-5'_41_7,None,tensor(0.),<bound method Expression.r2 of <Expression.Expression object at 0x7f61eb07ca30>>
 Nguyen-5'_41_8,None,tensor(0.),<bound method Expression.r2 of <Expression.Expression object at 0x7f61eb07cdc0>>
 Nguyen-5'_41_9,x + cos(x) + 2,tensor(0.0342),-795.9634079670426
 Nguyen-5'_41_10,None,tensor(0.),<bound method Expression.r2 of <Expression.Expression object at 0x7f61eb07c220>>
 Nguyen-5'_41_11,x**2 + cos(x),tensor(0.0522),-328.28855477737784
 Nguyen-5'_41_12,x - 2*tan(1),tensor(0.0951),-89.61379281550825
 Nguyen-5'_41_13,None,tensor(0.),<bound method Expression.r2 of <Expression.Expression object at 0x7f627018da90>>
 Nguyen-5'_41_14,None,tensor(0.),<bound method Expression.r2 of <Expression.Expression object at 0x7f627011fb20>>
 Nguyen-5'_41_15,-cos(x + 3),tensor(0.0589),-254.53063512508885
 Nguyen-5'_41_16,None,tensor(0.),<bound method Expression.r2 of <Expression.Expression object at 0x7f622809aa30>>
 Nguyen-5'_41_17,None,tensor(0.),<bound method Expression.r2 of <Expression.Expression object at 0x7f622809a6a0>>
 Nguyen-5'_41_18,2/x**2,tensor(6.4178e-05),-242760647.0581306
 Nguyen-5'_41_19,None,tensor(0.),<bound method Expression.r2 of <Expression.Expression object at 0x7f61d0196100>>
 Nguyen-5'_41_20,acos(x) - 1,tensor(0.0609),-236.4260157692174
 Nguyen-5'_41_21,None,tensor(0.),<bound method Expression.r2 of <Expression.Expression object at 0x7f62281f3bb0>>
 Nguyen-5'_41_22,None,tensor(0.),<bound method Expression.r2 of <Expression.Expression object at 0x7f6230154760>>
 Nguyen-5'_41_23,None,tensor(0.),<bound method Expression.r2 of <Expression.Expression object at 0x7f62701b4790>>
 Nguyen-5'_41_24,x**3 + x + log(x),tensor(0.),0
 Nguyen-5'_41_25,x*log(6),tensor(0.0758),-147.8360159513787
 Nguyen-5'_41_26,2*x + 1,tensor(0.0529),-319.2955139847145
 Nguyen-5'_41_27,x*asin(3*x),tensor(0.),0
 Nguyen-5'_41_28,None,tensor(0.),<bound method Expression.r2 of <Expression.Expression object at 0x7f622810d6a0>>
 Nguyen-5'_41_29,x*acos(x) - 2*x,tensor(0.0986),-82.59359360030156
 Nguyen-5'_41_30,None,tensor(0.),<bound method Expression.r2 of <Expression.Expression object at 0x7f61eb1b83d0>>
 Nguyen-5'_41_31,None,tensor(0.),<bound method Expression.r2 of <Expression.Expression object at 0x7f61e80df460>>
 Nguyen-5'_41_32,x*(x + sin(x)),tensor(0.0618),-229.74854762222046
 Nguyen-5'_41_33,None,tensor(0.),<bound method Expression.r2 of <Expression.Expression object at 0x7f61f036f880>>
 Nguyen-5'_41_34,x**2 + x + tan(x),tensor(0.0636),-216.09707699238277
 Nguyen-5'_41_35,None,tensor(0.),<bound method Expression.r2 of <Expression.Expression object at 0x7f62701e5d30>>
 Nguyen-5'_41_36,None,tensor(0.),<bound method Expression.r2 of <Expression.Expression object at 0x7f61eb0b6d90>>
 Nguyen-5'_41_37,None,tensor(0.),<bound method Expression.r2 of <Expression.Expression object at 0x7f61eb03e580>>
 Nguyen-5'_41_38,x + exp(-7*x),tensor(0.0007),-1843905.8054174918
 Nguyen-5'_41_39,None,tensor(0.),<bound method Expression.r2 of <Expression.Expression object at 0x7f62301b1910>>
 Nguyen-5'_41_40,x*(x + 4) + x,tensor(0.0448),-453.7870032371668
 Nguyen-5'_41_41,None,tensor(0.),<bound method Expression.r2 of <Expression.Expression object at 0x7f622808ab50>>
 Nguyen-5'_41_42,1/7,tensor(0.),0
 Nguyen-5'_41_43,None,tensor(0.),<bound method Expression.r2 of <Expression.Expression object at 0x7f61eb09b220>>
 Nguyen-5'_41_44,None,tensor(0.),<bound method Expression.r2 of <Expression.Expression object at 0x7f627016b100>>
 Nguyen-5'_41_45,None,tensor(0.),<bound method Expression.r2 of <Expression.Expression object at 0x7f61eb17eb20>>
 Nguyen-5'_41_46,x*cos(x) + x + sin(x),tensor(0.0672),-191.42613241184122
 Nguyen-5'_41_47,1/(x + 3),tensor(0.0711),-169.7109854474624
 Nguyen-5'_41_48,None,tensor(0.),<bound method Expression.r2 of <Expression.Expression object at 0x7f6278089280>>
 Nguyen-5'_41_49,None,tensor(0.),<bound method Expression.r2 of <Expression.Expression object at 0x7f6278089430>>
 Nguyen-5'_41_50,None,tensor(0.),<bound method Expression.r2 of <Expression.Expression object at 0x7f61eb1df2e0>>
 Nguyen-5'_41_51,None,tensor(0.),<bound method Expression.r2 of <Expression.Expression object at 0x7f61eb1dfb50>>
 Nguyen-5'_41_52,None,tensor(0.),<bound method Expression.r2 of <Expression.Expression object at 0x7f61eb1df760>>
 Nguyen-5'_41_53,x**2 + x + 4*log(x),tensor(0.),0
 Nguyen-5'_41_54,None,tensor(0.),<bound method Expression.r2 of <Expression.Expression object at 0x7f61f03496a0>>
 Nguyen-5'_41_55,x + sin(x + 2),tensor(0.0604),-241.3344657067455
 Nguyen-5'_41_56,None,tensor(0.),<bound method Expression.r2 of <Expression.Expression object at 0x7f61f04be6d0>>
 Nguyen-5'_41_57,None,tensor(0.),<bound method Expression.r2 of <Expression.Expression object at 0x7f622803f9d0>>
 Nguyen-5'_41_58,38*x**2,tensor(0.0085),-13451.483224778132
 Nguyen-5'_41_59,None,tensor(0.),<bound method Expression.r2 of <Expression.Expression object at 0x7f61f05ebe80>>
 Nguyen-5'_41_60,2*atan(x),tensor(0.0764),-144.95115030543028
 Nguyen-5'_41_61,None,tensor(0.),<bound method Expression.r2 of <Expression.Expression object at 0x7f61eb1be5e0>>
 Nguyen-5'_41_62,None,tensor(0.),<bound method Expression.r2 of <Expression.Expression object at 0x7f61f030dd60>>
 Nguyen-5'_41_63,None,tensor(0.),<bound method Expression.r2 of <Expression.Expression object at 0x7f61f030df40>>
 Nguyen-5'_41_64,cos(acosh(x)),tensor(0.),0
 Nguyen-5'_41_65,None,tensor(0.),<bound method Expression.r2 of <Expression.Expression object at 0x7f61eb0b6820>>
 Nguyen-5'_41_66,None,tensor(0.),<bound method Expression.r2 of <Expression.Expression object at 0x7f62301f1820>>
 Nguyen-5'_41_67,None,tensor(0.),<bound method Expression.r2 of <Expression.Expression object at 0x7f62301f1610>>
 Nguyen-5'_41_68,x*(x**2*exp(x) + x),tensor(0.0635),-216.3919404633992
 Nguyen-5'_41_69,None,tensor(0.),<bound method Expression.r2 of <Expression.Expression object at 0x7f61f0394bb0>>
 Nguyen-5'_41_70,None,tensor(0.),<bound method Expression.r2 of <Expression.Expression object at 0x7f61eb03e490>>
 Nguyen-5'_41_71,None,tensor(0.),<bound method Expression.r2 of <Expression.Expression object at 0x7f62300b14c0>>
 Nguyen-5'_41_72,x**3*cos(3),tensor(0.0809),-127.96300725027692
 Nguyen-5'_41_73,x**(4/3),tensor(0.),0
 Nguyen-5'_41_74,None,tensor(0.),<bound method Expression.r2 of <Expression.Expression object at 0x7f627009c790>>
 Nguyen-5'_41_75,None,tensor(0.),<bound method Expression.r2 of <Expression.Expression object at 0x7f61f046e370>>
 Nguyen-5'_41_76,9*x + 4,tensor(0.0213),-2116.8884927584722
 Nguyen-5'_41_77,x*sin(5),tensor(0.0785),-136.8627087146673
 Nguyen-5'_41_78,None,tensor(0.),<bound method Expression.r2 of <Expression.Expression object at 0x7f61e80effd0>>
 Nguyen-5'_41_79,None,tensor(0.),<bound method Expression.r2 of <Expression.Expression object at 0x7f61e80ef850>>
 Nguyen-5'_41_80,log(log(x**4)),tensor(0.),0
 Nguyen-5'_41_81,3*x**5,tensor(0.0778),-139.31196027847298
 Nguyen-5'_41_82,7*x**6,tensor(0.0484),-385.8473602979335
 Nguyen-5'_41_83,None,tensor(0.),<bound method Expression.r2 of <Expression.Expression object at 0x7f61f0202820>>
 Nguyen-5'_41_84,exp(x),tensor(0.0521),-329.9282185262745
 Nguyen-5'_41_85,None,tensor(0.),<bound method Expression.r2 of <Expression.Expression object at 0x7f61f0202970>>
 Nguyen-5'_41_86,None,tensor(0.),<bound method Expression.r2 of <Expression.Expression object at 0x7f62701d1880>>
 Nguyen-5'_41_87,None,tensor(0.),<bound method Expression.r2 of <Expression.Expression object at 0x7f627009c700>>
 Nguyen-5'_41_88,3*x**4/2,tensor(0.0718),-166.02766950636106
 Nguyen-5'_41_89,None,tensor(0.),<bound method Expression.r2 of <Expression.Expression object at 0x7f627819bfd0>>
 Nguyen-5'_41_90,-sqrt(x) + x**3,tensor(0.),0
 Nguyen-5'_41_91,None,tensor(0.),<bound method Expression.r2 of <Expression.Expression object at 0x7f627011f1f0>>
 Nguyen-5'_41_92,x - tan(x),tensor(0.0829),-121.22500811990899
 Nguyen-5'_41_93,None,tensor(0.),<bound method Expression.r2 of <Expression.Expression object at 0x7f61f05edd90>>
 Nguyen-5'_41_94,x + 1/4,tensor(0.0734),-158.4941647530582
 Nguyen-5'_41_95,sin(4*x),tensor(0.0791),-134.3628674522251
 Nguyen-5'_41_96,None,tensor(0.),<bound method Expression.r2 of <Expression.Expression object at 0x7f61f05704f0>>
 Nguyen-5'_41_97,x*(2*x + 5),tensor(0.0425),-506.71087804379664
 Nguyen-5'_41_98,None,tensor(0.),<bound method Expression.r2 of <Expression.Expression object at 0x7f622809a9a0>>
 Nguyen-5'_41_99,exp(2*x),tensor(0.0401),-570.8725036849553
 Nguyen-5'_41_100,1,tensor(0.),0
 Nguyen-5'_41_101,None,tensor(0.),<bound method Expression.r2 of <Expression.Expression object at 0x7f62281dadf0>>
 Nguyen-5'_41_102,None,tensor(0.),<bound method Expression.r2 of <Expression.Expression object at 0x7f6228172370>>
 Nguyen-5'_41_103,x*log(2) + x,tensor(0.0767),-143.935179280919
 Nguyen-5'_41_104,log(4*x**3),tensor(0.),0
 Nguyen-5'_41_105,3*x + cos(x),tensor(0.0509),-347.13486205823176
 Nguyen-5'_41_106,None,tensor(0.),<bound method Expression.r2 of <Expression.Expression object at 0x7f61f046ee50>>
 Nguyen-5'_41_107,None,tensor(0.),<bound method Expression.r2 of <Expression.Expression object at 0x7f61f0285520>>
 Nguyen-5'_41_108,3*x**3 + x,tensor(0.0645),-209.60730393048402
 Nguyen-5'_41_109,x*(x**2*(x - 1) + x),tensor(0.0624),-225.10876905328908
 Nguyen-5'_41_110,x + exp(x),tensor(0.0500),-359.6592119453999
 Nguyen-5'_41_111,None,tensor(0.),<bound method Expression.r2 of <Expression.Expression object at 0x7f627817fdf0>>
 Nguyen-5'_41_112,None,tensor(0.),<bound method Expression.r2 of <Expression.Expression object at 0x7f62780973a0>>
 Nguyen-5'_41_113,8*x/3,tensor(0.0668),-193.86800943727783
 Nguyen-5'_41_114,2*x + (x + 1)/x,tensor(0.0108),-8356.601403203817
 Nguyen-5'_41_115,None,tensor(0.),<bound method Expression.r2 of <Expression.Expression object at 0x7f62281daeb0>>
 Nguyen-5'_41_116,2*x + exp(x**2),tensor(0.0462),-425.58584939988754
 Nguyen-5'_41_117,None,tensor(0.),<bound method Expression.r2 of <Expression.Expression object at 0x7f61eb0b6070>>
 Nguyen-5'_41_118,x*exp(5),tensor(0.0018),-294457.8800086917
 Nguyen-5'_41_119,None,tensor(0.),<bound method Expression.r2 of <Expression.Expression object at 0x7f61eb17e3a0>>
 Nguyen-5'_41_120,exp(2*x),tensor(0.0401),-570.8725036849553
 Nguyen-5'_41_121,None,tensor(0.),<bound method Expression.r2 of <Expression.Expression object at 0x7f61f030dc10>>
 Nguyen-5'_41_122,None,tensor(0.),<bound method Expression.r2 of <Expression.Expression object at 0x7f6270134640>>
 Nguyen-5'_41_123,x*(x**2 + x) + x,tensor(0.0679),-187.6994349839121
 Nguyen-5'_41_124,None,tensor(0.),<bound method Expression.r2 of <Expression.Expression object at 0x7f62280b7ac0>>
 Nguyen-5'_41_125,None,tensor(0.),<bound method Expression.r2 of <Expression.Expression object at 0x7f6230182d60>>
 Nguyen-5'_41_126,None,tensor(0.),<bound method Expression.r2 of <Expression.Expression object at 0x7f62701d1610>>
 Nguyen-5'_41_127,asin(x),tensor(0.0810),-127.72900368259522
 Nguyen-5'_42_0,None,tensor(0.),<bound method Expression.r2 of <Expression.Expression object at 0x7f61f04c2520>>
 Nguyen-5'_42_1,None,tensor(0.),<bound method Expression.r2 of <Expression.Expression object at 0x7f6278123970>>
 Nguyen-5'_42_2,None,tensor(0.),<bound method Expression.r2 of <Expression.Expression object at 0x7f62281da4c0>>
 Nguyen-5'_42_3,2 - x,tensor(0.0403),-565.8458871572418
 Nguyen-5'_42_4,x*(x - log(x)),tensor(0.),0
 Nguyen-5'_42_5,None,tensor(0.),<bound method Expression.r2 of <Expression.Expression object at 0x7f62301c9640>>
 Nguyen-5'_42_6,x**2/2,tensor(0.0773),-141.53179585519172
 Nguyen-5'_42_7,2*x + 15,tensor(0.0096),-10547.953355580024
 Nguyen-5'_42_8,None,tensor(0.),<bound method Expression.r2 of <Expression.Expression object at 0x7f62700f5bb0>>
 Nguyen-5'_42_9,None,tensor(0.),<bound method Expression.r2 of <Expression.Expression object at 0x7f62700f51f0>>
 Nguyen-5'_42_10,None,tensor(0.),<bound method Expression.r2 of <Expression.Expression object at 0x7f62700f5ee0>>
 Nguyen-5'_42_11,log(x + 5),tensor(0.0461),-426.5500698403433
 Nguyen-5'_42_12,sin(x)*cos(x),tensor(0.0836),-119.15078942733517
 Nguyen-5'_42_13,None,tensor(0.),<bound method Expression.r2 of <Expression.Expression object at 0x7f62780d8e20>>
 Nguyen-5'_42_14,None,tensor(0.),<bound method Expression.r2 of <Expression.Expression object at 0x7f62700f5fd0>>
 Nguyen-5'_42_15,None,tensor(0.),<bound method Expression.r2 of <Expression.Expression object at 0x7f62700f5d00>>
 Nguyen-5'_42_16,sinh(x)**2,tensor(0.0685),-183.69584781147947
 Nguyen-5'_42_17,None,tensor(0.),<bound method Expression.r2 of <Expression.Expression object at 0x7f62700ecfd0>>
 Nguyen-5'_42_18,None,tensor(0.),<bound method Expression.r2 of <Expression.Expression object at 0x7f62700ecee0>>
 Nguyen-5'_42_19,None,tensor(0.),<bound method Expression.r2 of <Expression.Expression object at 0x7f62700ec460>>
 Nguyen-5'_42_20,x**2 + x*sin(x) + cos(x),tensor(0.0472),-406.04195954588886
 Nguyen-5'_42_21,None,tensor(0.),<bound method Expression.r2 of <Expression.Expression object at 0x7f627012d9d0>>
 Nguyen-5'_42_22,None,tensor(0.),<bound method Expression.r2 of <Expression.Expression object at 0x7f62700ec4f0>>
 Nguyen-5'_42_23,None,tensor(0.),<bound method Expression.r2 of <Expression.Expression object at 0x7f627009c0a0>>
 Nguyen-5'_42_24,None,tensor(0.),<bound method Expression.r2 of <Expression.Expression object at 0x7f62701757c0>>
 Nguyen-5'_42_25,None,tensor(0.),<bound method Expression.r2 of <Expression.Expression object at 0x7f61f04be850>>
 Nguyen-5'_42_26,None,tensor(0.),<bound method Expression.r2 of <Expression.Expression object at 0x7f627018daf0>>
 Nguyen-5'_42_27,-4*x**3,tensor(0.0620),-228.23306363173296
 Nguyen-5'_42_28,None,tensor(0.),<bound method Expression.r2 of <Expression.Expression object at 0x7f62281735e0>>
 Nguyen-5'_42_29,None,tensor(0.),<bound method Expression.r2 of <Expression.Expression object at 0x7f6278187b50>>
 Nguyen-5'_42_30,None,tensor(0.),<bound method Expression.r2 of <Expression.Expression object at 0x7f6278187df0>>
 Nguyen-5'_42_31,None,tensor(0.),<bound method Expression.r2 of <Expression.Expression object at 0x7f6278187700>>
 Nguyen-5'_42_32,None,tensor(0.),<bound method Expression.r2 of <Expression.Expression object at 0x7f61eb1f7f10>>
 Nguyen-5'_42_33,9*x**2,tensor(0.0284),-1165.963390231645
 Nguyen-5'_42_34,None,tensor(0.),<bound method Expression.r2 of <Expression.Expression object at 0x7f61eb1f7c10>>
 Nguyen-5'_42_35,x**3/16,tensor(0.0842),-117.37023352645956
 Nguyen-5'_42_36,None,tensor(0.),<bound method Expression.r2 of <Expression.Expression object at 0x7f61eb03e040>>
 Nguyen-5'_42_37,None,tensor(0.),<bound method Expression.r2 of <Expression.Expression object at 0x7f61eb03ee20>>
 Nguyen-5'_42_38,x**2*atan(x),tensor(0.0841),-117.55946008037601
 Nguyen-5'_42_39,None,tensor(0.),<bound method Expression.r2 of <Expression.Expression object at 0x7f627018db20>>
 Nguyen-5'_42_40,None,tensor(0.),<bound method Expression.r2 of <Expression.Expression object at 0x7f61f03f1d90>>
 Nguyen-5'_42_41,-x**3/3 + x*log(x),tensor(0.),0
 Nguyen-5'_42_42,None,tensor(0.),<bound method Expression.r2 of <Expression.Expression object at 0x7f62280548e0>>
 Nguyen-5'_42_43,None,tensor(0.),<bound method Expression.r2 of <Expression.Expression object at 0x7f627819b4f0>>
 Nguyen-5'_42_44,2*x**2*(x + 2),tensor(0.0466),-418.3803507961164
 Nguyen-5'_42_45,(1 - x)/x**2,tensor(0.0001),-61900130.78678636
 Nguyen-5'_42_46,None,tensor(0.),<bound method Expression.r2 of <Expression.Expression object at 0x7f622810de50>>
 Nguyen-5'_42_47,x**2,tensor(0.0711),-169.4599711103949
 Nguyen-5'_42_48,None,tensor(0.),<bound method Expression.r2 of <Expression.Expression object at 0x7f61f0340e50>>
 Nguyen-5'_42_49,x*(x + sin(x) - 2),tensor(0.0537),-309.12154497763186
 Nguyen-5'_42_50,x**3/3 + 4*x,tensor(0.0525),-324.11213859339875
 Nguyen-5'_42_51,2*x**4,tensor(0.0681),-186.53765483910755
 Nguyen-5'_42_52,None,tensor(0.),<bound method Expression.r2 of <Expression.Expression object at 0x7f61eb1f71f0>>
 Nguyen-5'_42_53,None,tensor(0.),<bound method Expression.r2 of <Expression.Expression object at 0x7f61f0475c10>>
 Nguyen-5'_42_54,None,tensor(0.),<bound method Expression.r2 of <Expression.Expression object at 0x7f61f0475370>>
 Nguyen-5'_42_55,None,tensor(0.),<bound method Expression.r2 of <Expression.Expression object at 0x7f622809a7c0>>
 Nguyen-5'_42_56,None,tensor(0.),<bound method Expression.r2 of <Expression.Expression object at 0x7f622809a6d0>>
 Nguyen-5'_42_57,None,tensor(0.),<bound method Expression.r2 of <Expression.Expression object at 0x7f61eb03e3a0>>
 Nguyen-5'_42_58,None,tensor(0.),<bound method Expression.r2 of <Expression.Expression object at 0x7f61eb03ed30>>
 Nguyen-5'_42_59,tanh(2)/x,tensor(0.0114),-7511.915327051843
 Nguyen-5'_42_60,sqrt(x + 3),tensor(0.0446),-457.13099404903113
 Nguyen-5'_42_61,None,tensor(0.),<bound method Expression.r2 of <Expression.Expression object at 0x7f61f05eb8b0>>
 Nguyen-5'_42_62,None,tensor(0.),<bound method Expression.r2 of <Expression.Expression object at 0x7f62701354f0>>
 Nguyen-5'_42_63,2*x + exp(x + 2),tensor(0.0138),-5084.923309922562
 Nguyen-5'_42_64,None,tensor(0.),<bound method Expression.r2 of <Expression.Expression object at 0x7f61f03ecf10>>
 Nguyen-5'_42_65,sinh(x)*cosh(x),tensor(0.0787),-136.10792200909157
 Nguyen-5'_42_66,log(x)/2,tensor(0.),0
 Nguyen-5'_42_67,None,tensor(0.),<bound method Expression.r2 of <Expression.Expression object at 0x7f61f02641f0>>
 Nguyen-5'_42_68,x - 1/(2*x),tensor(0.0209),-2188.6377969278365
 Nguyen-5'_42_69,None,tensor(0.),<bound method Expression.r2 of <Expression.Expression object at 0x7f62301f5b50>>
 Nguyen-5'_42_70,sin(x + 3),tensor(0.0749),-151.56302878268298
 Nguyen-5'_42_71,None,tensor(0.),<bound method Expression.r2 of <Expression.Expression object at 0x7f62700ecca0>>
 Nguyen-5'_42_72,2*x + 1,tensor(0.0529),-319.2955139847145
 Nguyen-5'_42_73,None,tensor(0.),<bound method Expression.r2 of <Expression.Expression object at 0x7f62700ecac0>>
 Nguyen-5'_42_74,None,tensor(0.),<bound method Expression.r2 of <Expression.Expression object at 0x7f62700ec3a0>>
 Nguyen-5'_42_75,None,tensor(0.),<bound method Expression.r2 of <Expression.Expression object at 0x7f61f03f1b80>>
 Nguyen-5'_42_76,None,tensor(0.),<bound method Expression.r2 of <Expression.Expression object at 0x7f61f03f1460>>
 Nguyen-5'_42_77,None,tensor(0.),<bound method Expression.r2 of <Expression.Expression object at 0x7f61f03f13a0>>
 Nguyen-5'_42_78,(x + 2)**3,tensor(0.0120),-6803.884214123003
 Nguyen-5'_42_79,None,tensor(0.),<bound method Expression.r2 of <Expression.Expression object at 0x7f61f03f0640>>
 Nguyen-5'_42_80,None,tensor(0.),<bound method Expression.r2 of <Expression.Expression object at 0x7f61f03f0730>>
 Nguyen-5'_42_81,None,tensor(0.),<bound method Expression.r2 of <Expression.Expression object at 0x7f61f03f0a90>>
 Nguyen-5'_42_82,4*x*cos(x),tensor(0.0643),-210.72602987983913
 Nguyen-5'_42_83,None,tensor(0.),<bound method Expression.r2 of <Expression.Expression object at 0x7f61f0285df0>>
 Nguyen-5'_42_84,None,tensor(0.),<bound method Expression.r2 of <Expression.Expression object at 0x7f62780d8640>>
 Nguyen-5'_42_85,None,tensor(0.),<bound method Expression.r2 of <Expression.Expression object at 0x7f62780d8bb0>>
 Nguyen-5'_42_86,None,tensor(0.),<bound method Expression.r2 of <Expression.Expression object at 0x7f62780d86d0>>
 Nguyen-5'_42_87,32*acos(x),tensor(0.0028),-130539.4509410706
 Nguyen-5'_42_88,None,tensor(0.),<bound method Expression.r2 of <Expression.Expression object at 0x7f62780d8190>>
 Nguyen-5'_42_89,acosh(x + 4),tensor(0.0409),-547.5857757726853
 Nguyen-5'_42_90,x - tanh(x),tensor(0.0844),-116.77854134886294
 Nguyen-5'_42_91,None,tensor(0.),<bound method Expression.r2 of <Expression.Expression object at 0x7f61f03ec5e0>>
 Nguyen-5'_42_92,None,tensor(0.),<bound method Expression.r2 of <Expression.Expression object at 0x7f622810d970>>
 Nguyen-5'_42_93,None,tensor(0.),<bound method Expression.r2 of <Expression.Expression object at 0x7f61eb07c040>>
 Nguyen-5'_42_94,None,tensor(0.),<bound method Expression.r2 of <Expression.Expression object at 0x7f61eb07cac0>>
 Nguyen-5'_42_95,cos(2*x)/2,tensor(0.0748),-152.01943536798242
 Nguyen-5'_42_96,None,tensor(0.),<bound method Expression.r2 of <Expression.Expression object at 0x7f61eb07c3a0>>
 Nguyen-5'_42_97,None,tensor(0.),<bound method Expression.r2 of <Expression.Expression object at 0x7f62300b1880>>
 Nguyen-5'_42_98,None,tensor(0.),<bound method Expression.r2 of <Expression.Expression object at 0x7f61f018ff70>>
 Nguyen-5'_42_99,None,tensor(0.),<bound method Expression.r2 of <Expression.Expression object at 0x7f62301ba670>>
 Nguyen-5'_42_100,None,tensor(0.),<bound method Expression.r2 of <Expression.Expression object at 0x7f6228173c40>>
 Nguyen-5'_42_101,None,tensor(0.),<bound method Expression.r2 of <Expression.Expression object at 0x7f62781d4eb0>>
 Nguyen-5'_42_102,None,tensor(0.),<bound method Expression.r2 of <Expression.Expression object at 0x7f62300fd8e0>>
 Nguyen-5'_42_103,None,tensor(0.),<bound method Expression.r2 of <Expression.Expression object at 0x7f62300fdac0>>
 Nguyen-5'_42_104,None,tensor(0.),<bound method Expression.r2 of <Expression.Expression object at 0x7f62300fdd30>>
 Nguyen-5'_42_105,None,tensor(0.),<bound method Expression.r2 of <Expression.Expression object at 0x7f62300fda90>>
 Nguyen-5'_42_106,None,tensor(0.),<bound method Expression.r2 of <Expression.Expression object at 0x7f6278087ca0>>
 Nguyen-5'_42_107,None,tensor(0.),<bound method Expression.r2 of <Expression.Expression object at 0x7f62780d8460>>
 Nguyen-5'_42_108,x**3/3,tensor(0.0844),-116.69539866932149
 Nguyen-5'_42_109,None,tensor(0.),<bound method Expression.r2 of <Expression.Expression object at 0x7f61f01707c0>>
 Nguyen-5'_42_110,None,tensor(0.),<bound method Expression.r2 of <Expression.Expression object at 0x7f61f01b45e0>>
 Nguyen-5'_42_111,-(x + 1/x)/x,tensor(0.0001),-60657800.209070444
 Nguyen-5'_42_112,None,tensor(0.),<bound method Expression.r2 of <Expression.Expression object at 0x7f61f036b340>>
 Nguyen-5'_42_113,None,tensor(0.),<bound method Expression.r2 of <Expression.Expression object at 0x7f627018dbb0>>
 Nguyen-5'_42_114,x*(3*x + 5),tensor(0.0400),-575.801006233897
 Nguyen-5'_42_115,x + 2*cos(x),tensor(0.0449),-450.77806599772396
 Nguyen-5'_42_116,cos(x - 1),tensor(0.0679),-187.4969250092813
 Nguyen-5'_42_117,None,tensor(0.),<bound method Expression.r2 of <Expression.Expression object at 0x7f61eb09b3d0>>
 Nguyen-5'_42_118,x,tensor(0.0821),-123.87640063774847
 Nguyen-5'_42_119,None,tensor(0.),<bound method Expression.r2 of <Expression.Expression object at 0x7f61f0340040>>
 Nguyen-5'_42_120,None,tensor(0.),<bound method Expression.r2 of <Expression.Expression object at 0x7f61f0340520>>
 Nguyen-5'_42_121,None,tensor(0.),<bound method Expression.r2 of <Expression.Expression object at 0x7f61eb03e130>>
 Nguyen-5'_42_122,None,tensor(0.),<bound method Expression.r2 of <Expression.Expression object at 0x7f61eb03eb20>>
 Nguyen-5'_42_123,None,tensor(0.),<bound method Expression.r2 of <Expression.Expression object at 0x7f61d0184fa0>>
 Nguyen-5'_42_124,x**2*cosh(4),tensor(0.0115),-7339.787059685009
 Nguyen-5'_42_125,None,tensor(0.),<bound method Expression.r2 of <Expression.Expression object at 0x7f623018e580>>
 Nguyen-5'_42_126,None,tensor(0.),<bound method Expression.r2 of <Expression.Expression object at 0x7f62781f47c0>>
 Nguyen-5'_42_127,None,tensor(0.),<bound method Expression.r2 of <Expression.Expression object at 0x7f62281f0790>>
 Nguyen-5'_43_0,8*x**5,tensor(0.0532),-316.0197401802884
 Nguyen-5'_43_1,None,tensor(0.),<bound method Expression.r2 of <Expression.Expression object at 0x7f62281f3dc0>>
 Nguyen-5'_43_2,None,tensor(0.),<bound method Expression.r2 of <Expression.Expression object at 0x7f6228173df0>>
 Nguyen-5'_43_3,None,tensor(0.),<bound method Expression.r2 of <Expression.Expression object at 0x7f61eb0b57c0>>
 Nguyen-5'_43_4,x*(x + 2) + x,tensor(0.0583),-259.5877560638511
 Nguyen-5'_43_5,None,tensor(0.),<bound method Expression.r2 of <Expression.Expression object at 0x7f61eb1f7a00>>
 Nguyen-5'_43_6,sin(x + 4),tensor(0.1176),-55.278894604572955
 Nguyen-5'_43_7,None,tensor(0.),<bound method Expression.r2 of <Expression.Expression object at 0x7f61eb1be9a0>>
 Nguyen-5'_43_8,None,tensor(0.),<bound method Expression.r2 of <Expression.Expression object at 0x7f62701d1df0>>
 Nguyen-5'_43_9,None,tensor(0.),<bound method Expression.r2 of <Expression.Expression object at 0x7f61d0159ca0>>
 Nguyen-5'_43_10,None,tensor(0.),<bound method Expression.r2 of <Expression.Expression object at 0x7f61f0570b80>>
 Nguyen-5'_43_11,x**2 + 2*x*sin(x),tensor(0.0543),-302.75639719874533
 Nguyen-5'_43_12,None,tensor(0.),<bound method Expression.r2 of <Expression.Expression object at 0x7f6270197070>>
 Nguyen-5'_43_13,x + 1/2,tensor(0.0662),-197.8473733020562
 Nguyen-5'_43_14,None,tensor(0.),<bound method Expression.r2 of <Expression.Expression object at 0x7f61e80dfa60>>
 Nguyen-5'_43_15,tan(10*x),tensor(0.0173),-3224.1463460842706
 Nguyen-5'_43_16,2*x + cosh(x),tensor(0.0503),-355.43942400194203
 Nguyen-5'_43_17,x*(exp(x) + 5),tensor(0.0379),-644.7496931553706
 Nguyen-5'_43_18,None,tensor(0.),<bound method Expression.r2 of <Expression.Expression object at 0x7f62701302e0>>
 Nguyen-5'_43_19,x**3/2,tensor(0.0844),-116.69738322512849
 Nguyen-5'_43_20,None,tensor(0.),<bound method Expression.r2 of <Expression.Expression object at 0x7f62300af070>>
 Nguyen-5'_43_21,None,tensor(0.),<bound method Expression.r2 of <Expression.Expression object at 0x7f61f036ffa0>>
 Nguyen-5'_43_22,x*(x + 1) + x,tensor(0.0655),-202.72234963849672
 Nguyen-5'_43_23,None,tensor(0.),<bound method Expression.r2 of <Expression.Expression object at 0x7f62781873a0>>
 Nguyen-5'_43_24,x**2*cos(1),tensor(0.0768),-143.6331804835344
 Nguyen-5'_43_25,None,tensor(0.),<bound method Expression.r2 of <Expression.Expression object at 0x7f61f03af1f0>>
 Nguyen-5'_43_26,x**2*(x + 3),tensor(0.0532),-316.2172629831935
 Nguyen-5'_43_27,x**(2/3),tensor(0.),0
 Nguyen-5'_43_28,3*x + 2/x,tensor(0.0055),-32818.38291356233
 Nguyen-5'_43_29,None,tensor(0.),<bound method Expression.r2 of <Expression.Expression object at 0x7f61f03f1310>>
 Nguyen-5'_43_30,None,tensor(0.),<bound method Expression.r2 of <Expression.Expression object at 0x7f61eb1bf4c0>>
 Nguyen-5'_43_31,-x*exp(-x),tensor(0.0639),-213.9571744902779
 Nguyen-5'_43_32,1/x,tensor(0.0110),-8079.621116413411
 Nguyen-5'_43_33,x + 5,tensor(0.0236),-1715.966125344731
 Nguyen-5'_43_34,10*x**4,tensor(0.0339),-812.7067500850326
 Nguyen-5'_43_35,None,tensor(0.),<bound method Expression.r2 of <Expression.Expression object at 0x7f62701e5f70>>
 Nguyen-5'_43_36,None,tensor(0.),<bound method Expression.r2 of <Expression.Expression object at 0x7f62701f2280>>
 Nguyen-5'_43_37,None,tensor(0.),<bound method Expression.r2 of <Expression.Expression object at 0x7f61f0174640>>
 Nguyen-5'_43_38,None,tensor(0.),<bound method Expression.r2 of <Expression.Expression object at 0x7f6228172d90>>
 Nguyen-5'_43_39,x*cos(x + 2) - 2*x,tensor(0.0713),-168.62336749977803
 Nguyen-5'_43_40,None,tensor(0.),<bound method Expression.r2 of <Expression.Expression object at 0x7f62701347c0>>
 Nguyen-5'_43_41,-3*x**2 + 5*x,tensor(0.0474),-403.754037845353
 Nguyen-5'_43_42,None,tensor(0.),<bound method Expression.r2 of <Expression.Expression object at 0x7f6278162c10>>
 Nguyen-5'_43_43,sin(x)*cos(x),tensor(0.0836),-119.15078942733517
 Nguyen-5'_43_44,None,tensor(0.),<bound method Expression.r2 of <Expression.Expression object at 0x7f62300afa30>>
 Nguyen-5'_43_45,None,tensor(0.),<bound method Expression.r2 of <Expression.Expression object at 0x7f61f0210ac0>>
 Nguyen-5'_43_46,None,tensor(0.),<bound method Expression.r2 of <Expression.Expression object at 0x7f61f02104c0>>
 Nguyen-5'_43_47,sin(2*x)/2,tensor(0.0836),-119.15078942733517
 Nguyen-5'_43_48,None,tensor(0.),<bound method Expression.r2 of <Expression.Expression object at 0x7f61f036bc70>>
 Nguyen-5'_43_49,None,tensor(0.),<bound method Expression.r2 of <Expression.Expression object at 0x7f61e80df9a0>>
 Nguyen-5'_43_50,log(x) + 5,tensor(0.),0
 Nguyen-5'_43_51,None,tensor(0.),<bound method Expression.r2 of <Expression.Expression object at 0x7f61f0340a90>>
 Nguyen-5'_43_52,x**3*(x + 2),tensor(0.0735),-157.988556804251
 Nguyen-5'_43_53,x**3 + x**2 + x,tensor(0.0679),-187.6994349839121
 Nguyen-5'_43_54,x**3,tensor(0.0838),-118.61084566884684
 Nguyen-5'_43_55,-cosh(x),tensor(0.1979),-15.423285107293896
 Nguyen-5'_43_56,None,tensor(0.),<bound method Expression.r2 of <Expression.Expression object at 0x7f62280b7460>>
 Nguyen-5'_43_57,log(x)/5,tensor(0.),0
 Nguyen-5'_43_58,None,tensor(0.),<bound method Expression.r2 of <Expression.Expression object at 0x7f62301aea00>>
 Nguyen-5'_43_59,None,tensor(0.),<bound method Expression.r2 of <Expression.Expression object at 0x7f62301aed60>>
 Nguyen-5'_43_60,x**2/2 + sin(x),tensor(0.0765),-144.73911034468767
 Nguyen-5'_43_61,-x/2,tensor(0.0819),-124.58812989023588
 Nguyen-5'_43_62,x**5 + 3*x,tensor(0.0592),-251.33486079432475
 Nguyen-5'_43_63,4*x**2*log(x)**3,tensor(0.),0
 Nguyen-5'_43_64,None,tensor(0.),<bound method Expression.r2 of <Expression.Expression object at 0x7f61f046ed00>>
 Nguyen-5'_43_65,None,tensor(0.),<bound method Expression.r2 of <Expression.Expression object at 0x7f6228173be0>>
 Nguyen-5'_43_66,None,tensor(0.),<bound method Expression.r2 of <Expression.Expression object at 0x7f61f04f5b50>>
 Nguyen-5'_43_67,x + 1,tensor(0.0553),-290.7601237011175
 Nguyen-5'_43_68,None,tensor(0.),<bound method Expression.r2 of <Expression.Expression object at 0x7f62780715e0>>
 Nguyen-5'_43_69,cos(2*x)/2,tensor(0.0748),-152.01943536798242
 Nguyen-5'_43_70,None,tensor(0.),<bound method Expression.r2 of <Expression.Expression object at 0x7f61eb03e0d0>>
 Nguyen-5'_43_71,x*acos(x) + 2*x,tensor(0.0609),-236.99785441476376
 Nguyen-5'_43_72,sqrt(x)/8,tensor(0.),0
 Nguyen-5'_43_73,x + sin(x),tensor(0.0747),-152.64183911712365
 Nguyen-5'_43_74,None,tensor(0.),<bound method Expression.r2 of <Expression.Expression object at 0x7f62701f1850>>
 Nguyen-5'_43_75,None,tensor(0.),<bound method Expression.r2 of <Expression.Expression object at 0x7f61eb17e490>>
 Nguyen-5'_43_76,None,tensor(0.),<bound method Expression.r2 of <Expression.Expression object at 0x7f61f042b400>>
 Nguyen-5'_43_77,x*exp(-2),tensor(0.0843),-116.91908949415175
 Nguyen-5'_43_78,None,tensor(0.),<bound method Expression.r2 of <Expression.Expression object at 0x7f62780409d0>>
 Nguyen-5'_43_79,tan(x)**2,tensor(0.0634),-217.4130013683481
 Nguyen-5'_43_80,x**2*acos(x),tensor(0.0624),-225.02552912011785
 Nguyen-5'_43_81,None,tensor(0.),<bound method Expression.r2 of <Expression.Expression object at 0x7f61f03f01f0>>
 Nguyen-5'_43_82,None,tensor(0.),<bound method Expression.r2 of <Expression.Expression object at 0x7f627011ff10>>
 Nguyen-5'_43_83,cosh(x) + 2,tensor(0.0318),-926.6915521617792
 Nguyen-5'_43_84,None,tensor(0.),<bound method Expression.r2 of <Expression.Expression object at 0x7f61d0184970>>
 Nguyen-5'_43_85,8/x**2,tensor(1.6047e-05),-3883391353.448893
 Nguyen-5'_43_86,x**2*asin(x),tensor(0.0831),-120.785294719012
 Nguyen-5'_43_87,None,tensor(0.),<bound method Expression.r2 of <Expression.Expression object at 0x7f6278162af0>>
 Nguyen-5'_43_88,None,tensor(0.),<bound method Expression.r2 of <Expression.Expression object at 0x7f6278162100>>
 Nguyen-5'_43_89,None,tensor(0.),<bound method Expression.r2 of <Expression.Expression object at 0x7f61f0264bb0>>
 Nguyen-5'_43_90,None,tensor(0.),<bound method Expression.r2 of <Expression.Expression object at 0x7f61eb09b040>>
 Nguyen-5'_43_91,None,tensor(0.),<bound method Expression.r2 of <Expression.Expression object at 0x7f61eb09b4c0>>
 Nguyen-5'_43_92,None,tensor(0.),<bound method Expression.r2 of <Expression.Expression object at 0x7f61eb09bf40>>
 Nguyen-5'_43_93,None,tensor(0.),<bound method Expression.r2 of <Expression.Expression object at 0x7f61eb09bc70>>
 Nguyen-5'_43_94,None,tensor(0.),<bound method Expression.r2 of <Expression.Expression object at 0x7f62300fdd60>>
 Nguyen-5'_43_95,None,tensor(0.),<bound method Expression.r2 of <Expression.Expression object at 0x7f62300fdc10>>
 Nguyen-5'_43_96,None,tensor(0.),<bound method Expression.r2 of <Expression.Expression object at 0x7f62300fd640>>
 Nguyen-5'_43_97,None,tensor(0.),<bound method Expression.r2 of <Expression.Expression object at 0x7f62300fd910>>
 Nguyen-5'_43_98,x*(x + sin(x) + 2),tensor(0.0585),-257.666796030285
 Nguyen-5'_43_99,x**2 + 3*x,tensor(0.0583),-259.5877560638511
 Nguyen-5'_43_100,x - log(cos(x)),tensor(0.0754),-149.35875313239637
 Nguyen-5'_43_101,None,tensor(0.),<bound method Expression.r2 of <Expression.Expression object at 0x7f61f02f3700>>
 Nguyen-5'_43_102,None,tensor(0.),<bound method Expression.r2 of <Expression.Expression object at 0x7f61f01b4280>>
 Nguyen-5'_43_103,None,tensor(0.),<bound method Expression.r2 of <Expression.Expression object at 0x7f61f01b4550>>
 Nguyen-5'_43_104,None,tensor(0.),<bound method Expression.r2 of <Expression.Expression object at 0x7f61f03af850>>
 Nguyen-5'_43_105,2*x + 4*log(x + 2),tensor(0.0328),-869.9086132820503
 Nguyen-5'_43_106,x**2 + 2*x + 3,tensor(0.0307),-997.587372420759
 Nguyen-5'_43_107,2*x**2 + tan(x),tensor(0.0602),-242.39824891348238
 Nguyen-5'_43_108,None,tensor(0.),<bound method Expression.r2 of <Expression.Expression object at 0x7f6278112880>>
 Nguyen-5'_43_109,None,tensor(0.),<bound method Expression.r2 of <Expression.Expression object at 0x7f61f03af160>>
 Nguyen-5'_43_110,None,tensor(0.),<bound method Expression.r2 of <Expression.Expression object at 0x7f61f01749a0>>
 Nguyen-5'_43_111,None,tensor(0.),<bound method Expression.r2 of <Expression.Expression object at 0x7f62301b3490>>
 Nguyen-5'_43_112,None,tensor(0.),<bound method Expression.r2 of <Expression.Expression object at 0x7f6270134880>>
 Nguyen-5'_43_113,None,tensor(0.),<bound method Expression.r2 of <Expression.Expression object at 0x7f61eb1df730>>
 Nguyen-5'_43_114,None,tensor(0.),<bound method Expression.r2 of <Expression.Expression object at 0x7f61f0250f10>>
 Nguyen-5'_43_115,None,tensor(0.),<bound method Expression.r2 of <Expression.Expression object at 0x7f61f0250280>>
 Nguyen-5'_43_116,None,tensor(0.),<bound method Expression.r2 of <Expression.Expression object at 0x7f61e80ef490>>
 Nguyen-5'_43_117,None,tensor(0.),<bound method Expression.r2 of <Expression.Expression object at 0x7f61e80ef3d0>>
 Nguyen-5'_43_118,None,tensor(0.),<bound method Expression.r2 of <Expression.Expression object at 0x7f61f02508b0>>
 Nguyen-5'_43_119,x**10 + 2*x,tensor(0.0715),-167.59525013840138
 Nguyen-5'_43_120,None,tensor(0.),<bound method Expression.r2 of <Expression.Expression object at 0x7f61d0196970>>
 Nguyen-5'_43_121,None,tensor(0.),<bound method Expression.r2 of <Expression.Expression object at 0x7f62780d8370>>
 Nguyen-5'_43_122,None,tensor(0.),<bound method Expression.r2 of <Expression.Expression object at 0x7f62780d8310>>
 Nguyen-5'_43_123,(1 - x)*exp(x),tensor(0.0589),-254.23757073569286
 Nguyen-5'_43_124,None,tensor(0.),<bound method Expression.r2 of <Expression.Expression object at 0x7f62701741c0>>
 Nguyen-5'_43_125,x*cos(x + 3),tensor(0.0822),-123.73165890791057
 Nguyen-5'_43_126,None,tensor(0.),<bound method Expression.r2 of <Expression.Expression object at 0x7f6228054550>>
 Nguyen-5'_43_127,sqrt(x) + tan(x),tensor(0.),0
 Nguyen-5'_44_0,None,tensor(0.),<bound method Expression.r2 of <Expression.Expression object at 0x7f61f0340820>>
 Nguyen-5'_44_1,None,tensor(0.),<bound method Expression.r2 of <Expression.Expression object at 0x7f61f0340190>>
 Nguyen-5'_44_2,None,tensor(0.),<bound method Expression.r2 of <Expression.Expression object at 0x7f61f0340f10>>
 Nguyen-5'_44_3,x*(x + 1),tensor(0.0705),-172.67975465401133
 Nguyen-5'_44_4,None,tensor(0.),<bound method Expression.r2 of <Expression.Expression object at 0x7f62281736d0>>
 Nguyen-5'_44_5,None,tensor(0.),<bound method Expression.r2 of <Expression.Expression object at 0x7f61f018fb80>>
 Nguyen-5'_44_6,None,tensor(0.),<bound method Expression.r2 of <Expression.Expression object at 0x7f62301f1fa0>>
 Nguyen-5'_44_7,None,tensor(0.),<bound method Expression.r2 of <Expression.Expression object at 0x7f6228172070>>
 Nguyen-5'_44_8,None,tensor(0.),<bound method Expression.r2 of <Expression.Expression object at 0x7f61eb1848b0>>
 Nguyen-5'_44_9,2*x*(x + exp(x)),tensor(0.0433),-487.0813360978944
 Nguyen-5'_44_10,None,tensor(0.),<bound method Expression.r2 of <Expression.Expression object at 0x7f61eb184100>>
 Nguyen-5'_44_11,8*x**2,tensor(0.0309),-984.8185759993419
 Nguyen-5'_44_12,None,tensor(0.),<bound method Expression.r2 of <Expression.Expression object at 0x7f62701d1850>>
 Nguyen-5'_44_13,None,tensor(0.),<bound method Expression.r2 of <Expression.Expression object at 0x7f61f03f12e0>>
 Nguyen-5'_44_14,None,tensor(0.),<bound method Expression.r2 of <Expression.Expression object at 0x7f61f03f1340>>
 Nguyen-5'_44_15,None,tensor(0.),<bound method Expression.r2 of <Expression.Expression object at 0x7f61eb1df6d0>>
 Nguyen-5'_44_16,None,tensor(0.),<bound method Expression.r2 of <Expression.Expression object at 0x7f61eb1dfc40>>
 Nguyen-5'_44_17,None,tensor(0.),<bound method Expression.r2 of <Expression.Expression object at 0x7f61f03f1bb0>>
 Nguyen-5'_44_18,None,tensor(0.),<bound method Expression.r2 of <Expression.Expression object at 0x7f61eb1df220>>
 Nguyen-5'_44_19,None,tensor(0.),<bound method Expression.r2 of <Expression.Expression object at 0x7f61eb1dfd00>>
 Nguyen-5'_44_20,None,tensor(0.),<bound method Expression.r2 of <Expression.Expression object at 0x7f62700ec880>>
 Nguyen-5'_44_21,3*x*(x + 3),tensor(0.0274),-1261.9817726847496
 Nguyen-5'_44_22,None,tensor(0.),<bound method Expression.r2 of <Expression.Expression object at 0x7f61f02024f0>>
 Nguyen-5'_44_23,None,tensor(0.),<bound method Expression.r2 of <Expression.Expression object at 0x7f62301c9dc0>>
 Nguyen-5'_44_24,None,tensor(0.),<bound method Expression.r2 of <Expression.Expression object at 0x7f62301c9ca0>>
 Nguyen-5'_44_25,None,tensor(0.),<bound method Expression.r2 of <Expression.Expression object at 0x7f62301c90d0>>
 Nguyen-5'_44_26,x*cosh(x) + 3*x,tensor(0.0516),-336.90068298005934
 Nguyen-5'_44_27,x/(2*x + 1),tensor(0.0571),-271.766618972464
 Nguyen-5'_44_28,None,tensor(0.),<bound method Expression.r2 of <Expression.Expression object at 0x7f61f0264dc0>>
 Nguyen-5'_44_29,log(2*x),tensor(0.),0
 Nguyen-5'_44_30,x + sin(2),tensor(0.0570),-272.4988710098204
 Nguyen-5'_44_31,None,tensor(0.),<bound method Expression.r2 of <Expression.Expression object at 0x7f61eb1f7550>>
 Nguyen-5'_44_32,sin(3*x),tensor(0.0798),-131.98520828950112
 Nguyen-5'_44_33,None,tensor(0.),<bound method Expression.r2 of <Expression.Expression object at 0x7f62281f3d00>>
 Nguyen-5'_44_34,None,tensor(0.),<bound method Expression.r2 of <Expression.Expression object at 0x7f62280b7160>>
 Nguyen-5'_44_35,None,tensor(0.),<bound method Expression.r2 of <Expression.Expression object at 0x7f6270134370>>
 Nguyen-5'_44_36,x + sqrt(x - 1),tensor(0.),0
 Nguyen-5'_44_37,None,tensor(0.),<bound method Expression.r2 of <Expression.Expression object at 0x7f6228133d30>>
 Nguyen-5'_44_38,None,tensor(0.),<bound method Expression.r2 of <Expression.Expression object at 0x7f61e80df340>>
 Nguyen-5'_44_39,None,tensor(0.),<bound method Expression.r2 of <Expression.Expression object at 0x7f627011fa90>>
 Nguyen-5'_44_40,None,tensor(0.),<bound method Expression.r2 of <Expression.Expression object at 0x7f627009c4c0>>
 Nguyen-5'_44_41,x + asinh(x),tensor(0.0745),-153.45318870049766
 Nguyen-5'_44_42,(x + 2)**2,tensor(0.0250),-1518.4811233911378
 Nguyen-5'_44_43,x*sinh(1),tensor(0.0810),-127.72948077510449
 Nguyen-5'_44_44,3 - 4*x**2,tensor(0.0431),-491.68324738662
 Nguyen-5'_44_45,None,tensor(0.),<bound method Expression.r2 of <Expression.Expression object at 0x7f62701d1a30>>
 Nguyen-5'_44_46,None,tensor(0.),<bound method Expression.r2 of <Expression.Expression object at 0x7f61f030d370>>
 Nguyen-5'_44_47,None,tensor(0.),<bound method Expression.r2 of <Expression.Expression object at 0x7f62701b4c70>>
 Nguyen-5'_44_48,None,tensor(0.),<bound method Expression.r2 of <Expression.Expression object at 0x7f627009cc10>>
 Nguyen-5'_44_49,-2*x**2 + x,tensor(0.1030),-74.76845275563444
 Nguyen-5'_44_50,None,tensor(0.),<bound method Expression.r2 of <Expression.Expression object at 0x7f62700ece80>>
 Nguyen-5'_44_51,None,tensor(0.),<bound method Expression.r2 of <Expression.Expression object at 0x7f62780682e0>>
 Nguyen-5'_44_52,x/(4*x**3 + x),tensor(0.0651),-205.0493851148468
 Nguyen-5'_44_53,None,tensor(0.),<bound method Expression.r2 of <Expression.Expression object at 0x7f61d01841f0>>
 Nguyen-5'_44_54,None,tensor(0.),<bound method Expression.r2 of <Expression.Expression object at 0x7f61f01749d0>>
 Nguyen-5'_44_55,None,tensor(0.),<bound method Expression.r2 of <Expression.Expression object at 0x7f61f0174730>>
 Nguyen-5'_44_56,x**2/2,tensor(0.0773),-141.53179585519172
 Nguyen-5'_44_57,None,tensor(0.),<bound method Expression.r2 of <Expression.Expression object at 0x7f61f02502e0>>
 Nguyen-5'_44_58,x*exp(2),tensor(0.0342),-796.8283060926831
 Nguyen-5'_44_59,None,tensor(0.),<bound method Expression.r2 of <Expression.Expression object at 0x7f62781878e0>>
 Nguyen-5'_44_60,None,tensor(0.),<bound method Expression.r2 of <Expression.Expression object at 0x7f61e80ef2b0>>
 Nguyen-5'_44_61,None,tensor(0.),<bound method Expression.r2 of <Expression.Expression object at 0x7f61eb09b640>>
 Nguyen-5'_44_62,None,tensor(0.),<bound method Expression.r2 of <Expression.Expression object at 0x7f61eb09b8b0>>
 Nguyen-5'_44_63,3*x*(x + 3),tensor(0.0274),-1261.9817726847496
 Nguyen-5'_44_64,3*x/2,tensor(0.0784),-137.0505632740205
 Nguyen-5'_44_65,None,tensor(0.),<bound method Expression.r2 of <Expression.Expression object at 0x7f61f03f1190>>
 Nguyen-5'_44_66,(x**2 + 4)**3,tensor(0.0019),-288161.93720177974
 Nguyen-5'_44_67,4*cos(x),tensor(0.0306),-999.2487110565747
 Nguyen-5'_44_68,None,tensor(0.),<bound method Expression.r2 of <Expression.Expression object at 0x7f6278192b20>>
 Nguyen-5'_44_69,sqrt(x) + x,tensor(0.),0
 Nguyen-5'_44_70,None,tensor(0.),<bound method Expression.r2 of <Expression.Expression object at 0x7f62700f5a60>>
 Nguyen-5'_44_71,None,tensor(0.),<bound method Expression.r2 of <Expression.Expression object at 0x7f62700f5e80>>
 Nguyen-5'_44_72,None,tensor(0.),<bound method Expression.r2 of <Expression.Expression object at 0x7f62700f5460>>
 Nguyen-5'_44_73,x*(2*x**2 + 1),tensor(0.0711),-169.58528350845486
 Nguyen-5'_44_74,x*(log(x) + 7) + x,tensor(0.),0
 Nguyen-5'_44_75,None,tensor(0.),<bound method Expression.r2 of <Expression.Expression object at 0x7f61eb1843d0>>
 Nguyen-5'_44_76,x/(2 - x),tensor(0.0800),-131.13847344864246
 Nguyen-5'_44_77,x**3 + 1,tensor(0.0556),-287.0017734331042
 Nguyen-5'_44_78,None,tensor(0.),<bound method Expression.r2 of <Expression.Expression object at 0x7f61f0530190>>
 Nguyen-5'_44_79,None,tensor(0.),<bound method Expression.r2 of <Expression.Expression object at 0x7f61d0159fd0>>
 Nguyen-5'_44_80,9,tensor(0.),0
 Nguyen-5'_44_81,None,tensor(0.),<bound method Expression.r2 of <Expression.Expression object at 0x7f62301f09d0>>
 Nguyen-5'_44_82,None,tensor(0.),<bound method Expression.r2 of <Expression.Expression object at 0x7f62701d13a0>>
 Nguyen-5'_44_83,None,tensor(0.),<bound method Expression.r2 of <Expression.Expression object at 0x7f61f0264400>>
 Nguyen-5'_44_84,None,tensor(0.),<bound method Expression.r2 of <Expression.Expression object at 0x7f623017dd00>>
 Nguyen-5'_44_85,None,tensor(0.),<bound method Expression.r2 of <Expression.Expression object at 0x7f6270139040>>
 Nguyen-5'_44_86,34*x**2,tensor(0.0095),-10948.616095667161
 Nguyen-5'_44_87,None,tensor(0.),<bound method Expression.r2 of <Expression.Expression object at 0x7f6270197f40>>
 Nguyen-5'_44_88,x*(x + 2),tensor(0.0655),-202.72234963849672
 Nguyen-5'_44_89,x*(x + 6),tensor(0.0395),-591.1208439851282
 Nguyen-5'_44_90,tan(3*x),tensor(0.0094),-11086.980160593834
 Nguyen-5'_44_91,x + 1/(x + 1),tensor(0.0151),-4231.348627036776
 Nguyen-5'_44_92,None,tensor(0.),<bound method Expression.r2 of <Expression.Expression object at 0x7f61d0184f10>>
 Nguyen-5'_44_93,None,tensor(0.),<bound method Expression.r2 of <Expression.Expression object at 0x7f62281f3d90>>
 Nguyen-5'_44_94,None,tensor(0.),<bound method Expression.r2 of <Expression.Expression object at 0x7f61eb07c9a0>>
 Nguyen-5'_44_95,None,tensor(0.),<bound method Expression.r2 of <Expression.Expression object at 0x7f61f01b4fd0>>
 Nguyen-5'_44_96,2*x + acos(2*x),tensor(0.),0
 Nguyen-5'_44_97,None,tensor(0.),<bound method Expression.r2 of <Expression.Expression object at 0x7f61f01b4f40>>
 Nguyen-5'_44_98,x**2 + 2,tensor(0.0379),-641.6774267562131
 Nguyen-5'_44_99,3*x - sinh(x),tensor(0.0747),-152.34001642655886
 Nguyen-5'_44_100,x/4,tensor(0.0844),-116.68834954624776
 Nguyen-5'_44_101,1/4,tensor(0.),0
 Nguyen-5'_44_102,None,tensor(0.),<bound method Expression.r2 of <Expression.Expression object at 0x7f61f03f0f40>>
 Nguyen-5'_44_103,None,tensor(0.),<bound method Expression.r2 of <Expression.Expression object at 0x7f6278108070>>
 Nguyen-5'_44_104,None,tensor(0.),<bound method Expression.r2 of <Expression.Expression object at 0x7f6278108670>>
 Nguyen-5'_44_105,x**2/cosh(x),tensor(0.0740),-155.76014115180203
 Nguyen-5'_44_106,None,tensor(0.),<bound method Expression.r2 of <Expression.Expression object at 0x7f623017ddf0>>
 Nguyen-5'_44_107,None,tensor(0.),<bound method Expression.r2 of <Expression.Expression object at 0x7f61eb17eac0>>
 Nguyen-5'_44_108,None,tensor(0.),<bound method Expression.r2 of <Expression.Expression object at 0x7f61eb17e5e0>>
 Nguyen-5'_44_109,None,tensor(0.),<bound method Expression.r2 of <Expression.Expression object at 0x7f61eb17e100>>
 Nguyen-5'_44_110,sin(x)**7,tensor(0.0843),-116.9742307971677
 Nguyen-5'_44_111,None,tensor(0.),<bound method Expression.r2 of <Expression.Expression object at 0x7f627011fd30>>
 Nguyen-5'_44_112,None,tensor(0.),<bound method Expression.r2 of <Expression.Expression object at 0x7f622803f580>>
 Nguyen-5'_44_113,None,tensor(0.),<bound method Expression.r2 of <Expression.Expression object at 0x7f61f0250b80>>
 Nguyen-5'_44_114,3*asinh(x),tensor(0.0658),-200.65222362312588
 Nguyen-5'_44_115,None,tensor(0.),<bound method Expression.r2 of <Expression.Expression object at 0x7f62781f48e0>>
 Nguyen-5'_44_116,None,tensor(0.),<bound method Expression.r2 of <Expression.Expression object at 0x7f6230125910>>
 Nguyen-5'_44_117,None,tensor(0.),<bound method Expression.r2 of <Expression.Expression object at 0x7f62701d1af0>>
 Nguyen-5'_44_118,None,tensor(0.),<bound method Expression.r2 of <Expression.Expression object at 0x7f62301d61c0>>
 Nguyen-5'_44_119,None,tensor(0.),<bound method Expression.r2 of <Expression.Expression object at 0x7f62701d1fa0>>
 Nguyen-5'_44_120,2*sqrt(2)/x,tensor(0.0039),-64586.78185350774
 Nguyen-5'_44_121,None,tensor(0.),<bound method Expression.r2 of <Expression.Expression object at 0x7f62701aed60>>
 Nguyen-5'_44_122,x/(x + 2),tensor(0.0880),-106.48110239066546
 Nguyen-5'_44_123,4*x*cosh(x),tensor(0.0447),-456.57763652401877
 Nguyen-5'_44_124,None,tensor(0.),<bound method Expression.r2 of <Expression.Expression object at 0x7f62701b8130>>
 Nguyen-5'_44_125,None,tensor(0.),<bound method Expression.r2 of <Expression.Expression object at 0x7f62300fd3a0>>
 Nguyen-5'_44_126,None,tensor(0.),<bound method Expression.r2 of <Expression.Expression object at 0x7f62300fd7c0>>
 Nguyen-5'_44_127,None,tensor(0.),<bound method Expression.r2 of <Expression.Expression object at 0x7f61f03f0d60>>
 Nguyen-5'_45_0,None,tensor(0.),<bound method Expression.r2 of <Expression.Expression object at 0x7f6278162dc0>>
 Nguyen-5'_45_1,None,tensor(0.),<bound method Expression.r2 of <Expression.Expression object at 0x7f62301af370>>
 Nguyen-5'_45_2,None,tensor(0.),<bound method Expression.r2 of <Expression.Expression object at 0x7f62301f1640>>
 Nguyen-5'_45_3,None,tensor(0.),<bound method Expression.r2 of <Expression.Expression object at 0x7f62300fdee0>>
 Nguyen-5'_45_4,x**2 + x + cos(x),tensor(0.0522),-328.40952870962747
 Nguyen-5'_45_5,None,tensor(0.),<bound method Expression.r2 of <Expression.Expression object at 0x7f61f0285d90>>
 Nguyen-5'_45_6,None,tensor(0.),<bound method Expression.r2 of <Expression.Expression object at 0x7f61eb09b3a0>>
 Nguyen-5'_45_7,None,tensor(0.),<bound method Expression.r2 of <Expression.Expression object at 0x7f62780588e0>>
 Nguyen-5'_45_8,None,tensor(0.),<bound method Expression.r2 of <Expression.Expression object at 0x7f627018d070>>
 Nguyen-5'_45_9,None,tensor(0.),<bound method Expression.r2 of <Expression.Expression object at 0x7f61f04ee820>>
 Nguyen-5'_45_10,None,tensor(0.),<bound method Expression.r2 of <Expression.Expression object at 0x7f61f04eed90>>
 Nguyen-5'_45_11,None,tensor(0.),<bound method Expression.r2 of <Expression.Expression object at 0x7f61f04ee0d0>>
 Nguyen-5'_45_12,None,tensor(0.),<bound method Expression.r2 of <Expression.Expression object at 0x7f61f04eeaf0>>
 Nguyen-5'_45_13,None,tensor(0.),<bound method Expression.r2 of <Expression.Expression object at 0x7f61f04eee80>>
 Nguyen-5'_45_14,(x - 2)*exp(x),tensor(0.2258),-10.75118543969357
 Nguyen-5'_45_15,None,tensor(0.),<bound method Expression.r2 of <Expression.Expression object at 0x7f627016b340>>
 Nguyen-5'_45_16,x**3*log(3),tensor(0.0835),-119.3260312401614
 Nguyen-5'_45_17,None,tensor(0.),<bound method Expression.r2 of <Expression.Expression object at 0x7f6228133460>>
 Nguyen-5'_45_18,x*sinh(x) - x,tensor(0.0659),-199.97476407708515
 Nguyen-5'_45_19,cos(2*x),tensor(0.0669),-193.47951827863068
 Nguyen-5'_45_20,None,tensor(0.),<bound method Expression.r2 of <Expression.Expression object at 0x7f6278108520>>
 Nguyen-5'_45_21,(x - 1)*exp(x),tensor(0.1442),-34.207742444928634
 Nguyen-5'_45_22,None,tensor(0.),<bound method Expression.r2 of <Expression.Expression object at 0x7f61d0159e20>>
 Nguyen-5'_45_23,2*x*exp(5),tensor(0.0009),-1179609.8535562886
 Nguyen-5'_45_24,None,tensor(0.),<bound method Expression.r2 of <Expression.Expression object at 0x7f627011f310>>
 Nguyen-5'_45_25,None,tensor(0.),<bound method Expression.r2 of <Expression.Expression object at 0x7f6278108d30>>
 Nguyen-5'_45_26,None,tensor(0.),<bound method Expression.r2 of <Expression.Expression object at 0x7f6278108820>>
 Nguyen-5'_45_27,None,tensor(0.),<bound method Expression.r2 of <Expression.Expression object at 0x7f62780ed7c0>>
 Nguyen-5'_45_28,None,tensor(0.),<bound method Expression.r2 of <Expression.Expression object at 0x7f62780edb50>>
 Nguyen-5'_45_29,None,tensor(0.),<bound method Expression.r2 of <Expression.Expression object at 0x7f62780ed4c0>>
 Nguyen-5'_45_30,None,tensor(0.),<bound method Expression.r2 of <Expression.Expression object at 0x7f62780ed160>>
 Nguyen-5'_45_31,x*exp(2*x**2),tensor(0.0532),-315.43693012898535
 Nguyen-5'_45_32,None,tensor(0.),<bound method Expression.r2 of <Expression.Expression object at 0x7f6228133190>>
 Nguyen-5'_45_33,x**2/tan(4),tensor(0.0728),-161.44554093518923
 Nguyen-5'_45_34,None,tensor(0.),<bound method Expression.r2 of <Expression.Expression object at 0x7f62280b7d60>>
 Nguyen-5'_45_35,x*(x + 3) + x,tensor(0.0511),-343.27597393007443
 Nguyen-5'_45_36,None,tensor(0.),<bound method Expression.r2 of <Expression.Expression object at 0x7f61f036b550>>
 Nguyen-5'_45_37,None,tensor(0.),<bound method Expression.r2 of <Expression.Expression object at 0x7f627009cfa0>>
 Nguyen-5'_45_38,x*cosh(x) + 3*x,tensor(0.0516),-336.90068298005934
 Nguyen-5'_45_39,None,tensor(0.),<bound method Expression.r2 of <Expression.Expression object at 0x7f61f03a9d60>>
 Nguyen-5'_45_40,None,tensor(0.),<bound method Expression.r2 of <Expression.Expression object at 0x7f61eb0b69d0>>
 Nguyen-5'_45_41,-2*x + tan(x),tensor(0.0804),-129.75656858708425
 Nguyen-5'_45_42,x*(3*x + 4),tensor(0.0440),-471.31284322335665
 Nguyen-5'_45_43,x*(x + tan(x)) + x,tensor(0.0582),-260.89416425970205
 Nguyen-5'_45_44,None,tensor(0.),<bound method Expression.r2 of <Expression.Expression object at 0x7f62700f4eb0>>
 Nguyen-5'_45_45,None,tensor(0.),<bound method Expression.r2 of <Expression.Expression object at 0x7f6278108580>>
 Nguyen-5'_45_46,None,tensor(0.),<bound method Expression.r2 of <Expression.Expression object at 0x7f62780edc70>>
 Nguyen-5'_45_47,None,tensor(0.),<bound method Expression.r2 of <Expression.Expression object at 0x7f62780ed310>>
 Nguyen-5'_45_48,x*(x + exp(2)),tensor(0.0336),-826.3914447864317
 Nguyen-5'_45_49,None,tensor(0.),<bound method Expression.r2 of <Expression.Expression object at 0x7f62301c9b80>>
 Nguyen-5'_45_50,None,tensor(0.),<bound method Expression.r2 of <Expression.Expression object at 0x7f62281725b0>>
 Nguyen-5'_45_51,2*x + 5,tensor(0.0235),-1726.426964231671
 Nguyen-5'_45_52,None,tensor(0.),<bound method Expression.r2 of <Expression.Expression object at 0x7f61eb184130>>
 Nguyen-5'_45_53,3*x + sinh(x),tensor(0.0533),-314.02359435250605
 Nguyen-5'_45_54,None,tensor(0.),<bound method Expression.r2 of <Expression.Expression object at 0x7f61f0475cd0>>
 Nguyen-5'_45_55,None,tensor(0.),<bound method Expression.r2 of <Expression.Expression object at 0x7f62281331f0>>
 Nguyen-5'_45_56,None,tensor(0.),<bound method Expression.r2 of <Expression.Expression object at 0x7f6228133550>>
 Nguyen-5'_45_57,4*asinh(x),tensor(0.0569),-273.9653432493313
 Nguyen-5'_45_58,None,tensor(0.),<bound method Expression.r2 of <Expression.Expression object at 0x7f62700ecf40>>
 Nguyen-5'_45_59,None,tensor(0.),<bound method Expression.r2 of <Expression.Expression object at 0x7f62300fd2e0>>
 Nguyen-5'_45_60,None,tensor(0.),<bound method Expression.r2 of <Expression.Expression object at 0x7f61d0196850>>
 Nguyen-5'_45_61,None,tensor(0.),<bound method Expression.r2 of <Expression.Expression object at 0x7f61d0196280>>
 Nguyen-5'_45_62,None,tensor(0.),<bound method Expression.r2 of <Expression.Expression object at 0x7f61d0196b50>>
 Nguyen-5'_45_63,x + sin(x) + cos(x),tensor(0.0557),-286.39325622925037
 Nguyen-5'_45_64,None,tensor(0.),<bound method Expression.r2 of <Expression.Expression object at 0x7f61eb1d5430>>
 Nguyen-5'_45_65,None,tensor(0.),<bound method Expression.r2 of <Expression.Expression object at 0x7f61eb17e370>>
 Nguyen-5'_45_66,acos(x),tensor(0.0447),-456.4559145684628
 Nguyen-5'_45_67,4*log(x),tensor(0.),0
 Nguyen-5'_45_68,None,tensor(0.),<bound method Expression.r2 of <Expression.Expression object at 0x7f62300af670>>
 Nguyen-5'_45_69,None,tensor(0.),<bound method Expression.r2 of <Expression.Expression object at 0x7f61eb1f3880>>
 Nguyen-5'_45_70,None,tensor(0.),<bound method Expression.r2 of <Expression.Expression object at 0x7f61eb1b8cd0>>
 Nguyen-5'_45_71,None,tensor(0.),<bound method Expression.r2 of <Expression.Expression object at 0x7f62701b8790>>
 Nguyen-5'_45_72,x*(sqrt(x) + x),tensor(0.),0
 Nguyen-5'_45_73,cos(x) + 1,tensor(0.0431),-491.6851860699403
 Nguyen-5'_45_74,3*x*cos(x),tensor(0.0718),-166.30051083208895
 Nguyen-5'_45_75,None,tensor(0.),<bound method Expression.r2 of <Expression.Expression object at 0x7f61f02ee250>>
 Nguyen-5'_45_76,None,tensor(0.),<bound method Expression.r2 of <Expression.Expression object at 0x7f61f02ee340>>
 Nguyen-5'_45_77,4*x**3 + exp(x),tensor(0.0446),-458.51911064651676
 Nguyen-5'_45_78,None,tensor(0.),<bound method Expression.r2 of <Expression.Expression object at 0x7f61f0349730>>
 Nguyen-5'_45_79,None,tensor(0.),<bound method Expression.r2 of <Expression.Expression object at 0x7f62700f5730>>
 Nguyen-5'_45_80,None,tensor(0.),<bound method Expression.r2 of <Expression.Expression object at 0x7f62700f52e0>>
 Nguyen-5'_45_81,x*(x**2 + x) + x,tensor(0.0679),-187.6994349839121
 Nguyen-5'_45_82,sinh(x)*cosh(x)/2,tensor(0.0835),-119.55421442882597
 Nguyen-5'_45_83,None,tensor(0.),<bound method Expression.r2 of <Expression.Expression object at 0x7f61eb1f37c0>>
 Nguyen-5'_45_84,(2*x + 2)**2,tensor(0.0194),-2551.205127204339
 Nguyen-5'_45_85,None,tensor(0.),<bound method Expression.r2 of <Expression.Expression object at 0x7f622809a820>>
 Nguyen-5'_45_86,None,tensor(0.),<bound method Expression.r2 of <Expression.Expression object at 0x7f6230103ac0>>
 Nguyen-5'_45_87,None,tensor(0.),<bound method Expression.r2 of <Expression.Expression object at 0x7f623012e160>>
 Nguyen-5'_45_88,2*x*(x + 2),tensor(0.0476),-399.2112818849802
 Nguyen-5'_45_89,x*(2*x + 4),tensor(0.0476),-399.2112818849802
 Nguyen-5'_45_90,None,tensor(0.),<bound method Expression.r2 of <Expression.Expression object at 0x7f627016b940>>
 Nguyen-5'_45_91,None,tensor(0.),<bound method Expression.r2 of <Expression.Expression object at 0x7f6270134af0>>
 Nguyen-5'_45_92,None,tensor(0.),<bound method Expression.r2 of <Expression.Expression object at 0x7f6228123df0>>
 Nguyen-5'_45_93,None,tensor(0.),<bound method Expression.r2 of <Expression.Expression object at 0x7f61f03ecac0>>
 Nguyen-5'_45_94,None,tensor(0.),<bound method Expression.r2 of <Expression.Expression object at 0x7f61d0153fa0>>
 Nguyen-5'_45_95,None,tensor(0.),<bound method Expression.r2 of <Expression.Expression object at 0x7f61d0153a90>>
 Nguyen-5'_45_96,x*(1 - x),tensor(0.0943),-91.23930000495619
 Nguyen-5'_45_97,x*cos(x) - x + cosh(x),tensor(0.0518),-333.83268175840004
 Nguyen-5'_45_98,None,tensor(0.),<bound method Expression.r2 of <Expression.Expression object at 0x7f61f0250250>>
 Nguyen-5'_45_99,None,tensor(0.),<bound method Expression.r2 of <Expression.Expression object at 0x7f6278108460>>
 Nguyen-5'_45_100,(x + 3)**4,tensor(0.0014),-520438.45999555895
 Nguyen-5'_45_101,None,tensor(0.),<bound method Expression.r2 of <Expression.Expression object at 0x7f61f046ea00>>
 Nguyen-5'_45_102,None,tensor(0.),<bound method Expression.r2 of <Expression.Expression object at 0x7f61d01593d0>>
 Nguyen-5'_45_103,x + 1/cos(x),tensor(0.0513),-340.45274397481637
 Nguyen-5'_45_104,(x + 3)/x,tensor(0.0037),-72615.4258908286
 Nguyen-5'_45_105,None,tensor(0.),<bound method Expression.r2 of <Expression.Expression object at 0x7f6278040160>>
 Nguyen-5'_45_106,None,tensor(0.),<bound method Expression.r2 of <Expression.Expression object at 0x7f61f0210fa0>>
 Nguyen-5'_45_107,None,tensor(0.),<bound method Expression.r2 of <Expression.Expression object at 0x7f61f04f5850>>
 Nguyen-5'_45_108,log(x**3/5),tensor(0.),0
 Nguyen-5'_45_109,None,tensor(0.),<bound method Expression.r2 of <Expression.Expression object at 0x7f62700f5d90>>
 Nguyen-5'_45_110,log(3*x**2),tensor(0.0744),-153.68181485275335
 Nguyen-5'_45_111,None,tensor(0.),<bound method Expression.r2 of <Expression.Expression object at 0x7f62281f3190>>
 Nguyen-5'_45_112,None,tensor(0.),<bound method Expression.r2 of <Expression.Expression object at 0x7f61d0184730>>
 Nguyen-5'_45_113,x,tensor(0.0821),-123.87640063774847
 Nguyen-5'_45_114,x*exp(2),tensor(0.0342),-796.8283060926831
 Nguyen-5'_45_115,x*exp(-2*x),tensor(0.0713),-168.54319257969166
 Nguyen-5'_45_116,None,tensor(0.),<bound method Expression.r2 of <Expression.Expression object at 0x7f61f0264610>>
 Nguyen-5'_45_117,x**4/(x + 1),tensor(0.0164),-3575.09866025067
 Nguyen-5'_45_118,x**(-2),tensor(0.0001),-60706442.390158914
 Nguyen-5'_45_119,None,tensor(0.),<bound method Expression.r2 of <Expression.Expression object at 0x7f61eb03e5b0>>
 Nguyen-5'_45_120,None,tensor(0.),<bound method Expression.r2 of <Expression.Expression object at 0x7f61eb03e670>>
 Nguyen-5'_45_121,None,tensor(0.),<bound method Expression.r2 of <Expression.Expression object at 0x7f61eb03e610>>
 Nguyen-5'_45_122,8*x,tensor(0.0319),-918.5336378253264
 Nguyen-5'_45_123,log(cos(x))/2,tensor(0.0881),-106.04926916752487
 Nguyen-5'_45_124,None,tensor(0.),<bound method Expression.r2 of <Expression.Expression object at 0x7f62281df5e0>>
 Nguyen-5'_45_125,None,tensor(0.),<bound method Expression.r2 of <Expression.Expression object at 0x7f61eb07c850>>
 Nguyen-5'_45_126,x**2*(x**2 + 1),tensor(0.0643),-210.96876906889304
 Nguyen-5'_45_127,-x*cos(x) - x + sin(x),tensor(0.0797),-132.28640157350196
 Nguyen-5'_46_0,None,tensor(0.),<bound method Expression.r2 of <Expression.Expression object at 0x7f62300724f0>>
 Nguyen-5'_46_1,None,tensor(0.),<bound method Expression.r2 of <Expression.Expression object at 0x7f61f04a2f70>>
 Nguyen-5'_46_2,None,tensor(0.),<bound method Expression.r2 of <Expression.Expression object at 0x7f623017d2e0>>
 Nguyen-5'_46_3,exp(3*x/2),tensor(0.0471),-408.42839227099483
 Nguyen-5'_46_4,None,tensor(0.),<bound method Expression.r2 of <Expression.Expression object at 0x7f61f0475490>>
 Nguyen-5'_46_5,None,tensor(0.),<bound method Expression.r2 of <Expression.Expression object at 0x7f61d0184700>>
 Nguyen-5'_46_6,None,tensor(0.),<bound method Expression.r2 of <Expression.Expression object at 0x7f6270139580>>
 Nguyen-5'_46_7,x + tan(2),tensor(0.1699),-22.877109157634447
 Nguyen-5'_46_8,x + tanh(2*x),tensor(0.0712),-168.98247743459376
 Nguyen-5'_46_9,None,tensor(0.),<bound method Expression.r2 of <Expression.Expression object at 0x7f61f03f13d0>>
 Nguyen-5'_46_10,None,tensor(0.),<bound method Expression.r2 of <Expression.Expression object at 0x7f62781086a0>>
 Nguyen-5'_46_11,None,tensor(0.),<bound method Expression.r2 of <Expression.Expression object at 0x7f6278108250>>
 Nguyen-5'_46_12,None,tensor(0.),<bound method Expression.r2 of <Expression.Expression object at 0x7f6278123b20>>
 Nguyen-5'_46_13,None,tensor(0.),<bound method Expression.r2 of <Expression.Expression object at 0x7f6278089c10>>
 Nguyen-5'_46_14,cos(x + 5),tensor(0.0741),-154.95061583066425
 Nguyen-5'_46_15,None,tensor(0.),<bound method Expression.r2 of <Expression.Expression object at 0x7f62280b7b20>>
 Nguyen-5'_46_16,None,tensor(0.),<bound method Expression.r2 of <Expression.Expression object at 0x7f6228172af0>>
 Nguyen-5'_46_17,-2*x**3 + 2*x,tensor(0.0819),-124.669249763998
 Nguyen-5'_46_18,None,tensor(0.),<bound method Expression.r2 of <Expression.Expression object at 0x7f62701b8d30>>
 Nguyen-5'_46_19,None,tensor(0.),<bound method Expression.r2 of <Expression.Expression object at 0x7f61f01700d0>>
 Nguyen-5'_46_20,None,tensor(0.),<bound method Expression.r2 of <Expression.Expression object at 0x7f62300fd790>>
 Nguyen-5'_46_21,acos(x + 1),tensor(0.),0
 Nguyen-5'_46_22,None,tensor(0.),<bound method Expression.r2 of <Expression.Expression object at 0x7f61f0210bb0>>
 Nguyen-5'_46_23,-x/2,tensor(0.0819),-124.58812989023588
 Nguyen-5'_46_24,x**2 - sin(x),tensor(0.0676),-189.50456060359704
 Nguyen-5'_46_25,None,tensor(0.),<bound method Expression.r2 of <Expression.Expression object at 0x7f61eb1dfd60>>
 Nguyen-5'_46_26,-15/x,tensor(0.0007),-1827450.539954812
 Nguyen-5'_46_27,None,tensor(0.),<bound method Expression.r2 of <Expression.Expression object at 0x7f61f03f1610>>
 Nguyen-5'_46_28,None,tensor(0.),<bound method Expression.r2 of <Expression.Expression object at 0x7f61f03af0d0>>
 Nguyen-5'_46_29,-2*sin(x),tensor(0.0702),-174.30610426491185
 Nguyen-5'_46_30,None,tensor(0.),<bound method Expression.r2 of <Expression.Expression object at 0x7f61eb07cd30>>
 Nguyen-5'_46_31,None,tensor(0.),<bound method Expression.r2 of <Expression.Expression object at 0x7f61eb17e910>>
 Nguyen-5'_46_32,-atanh(x),tensor(0.0733),-158.8671232850055
 Nguyen-5'_46_33,cos(3*x + 3),tensor(0.0805),-129.3114196658647
 Nguyen-5'_46_34,None,tensor(0.),<bound method Expression.r2 of <Expression.Expression object at 0x7f61f04f5160>>
 Nguyen-5'_46_35,None,tensor(0.),<bound method Expression.r2 of <Expression.Expression object at 0x7f627803dca0>>
 Nguyen-5'_46_36,4 - x,tensor(0.0270),-1296.5234393757055
 Nguyen-5'_46_37,None,tensor(0.),<bound method Expression.r2 of <Expression.Expression object at 0x7f62781926d0>>
 Nguyen-5'_46_38,None,tensor(0.),<bound method Expression.r2 of <Expression.Expression object at 0x7f61d01962b0>>
 Nguyen-5'_46_39,None,tensor(0.),<bound method Expression.r2 of <Expression.Expression object at 0x7f61f037f820>>
 Nguyen-5'_46_40,(x + sin(x))**2,tensor(0.0488),-379.0419001396089
 Nguyen-5'_46_41,x**10*(x + 1),tensor(0.0804),-129.66160812370012
 Nguyen-5'_46_42,(x + 1)/x,tensor(0.0109),-8174.819212199463
 Nguyen-5'_46_43,None,tensor(0.),<bound method Expression.r2 of <Expression.Expression object at 0x7f62701346a0>>
 Nguyen-5'_46_44,x*tan(2) + x,tensor(0.0764),-144.9878924445459
 Nguyen-5'_46_45,None,tensor(0.),<bound method Expression.r2 of <Expression.Expression object at 0x7f622809ac70>>
 Nguyen-5'_46_46,x*(x**4 + x + sin(x)),tensor(0.0621),-227.033646357434
 Nguyen-5'_46_47,None,tensor(0.),<bound method Expression.r2 of <Expression.Expression object at 0x7f61eb03e760>>
 Nguyen-5'_46_48,atan(2*x) + 1,tensor(0.0547),-298.1759424705174
 Nguyen-5'_46_49,None,tensor(0.),<bound method Expression.r2 of <Expression.Expression object at 0x7f61d01592e0>>
 Nguyen-5'_46_50,(x - 6)*exp(x),tensor(0.0281),-1193.009305440266
 Nguyen-5'_46_51,10/x**2,tensor(1.2838e-05),-6067717961.629787
 Nguyen-5'_46_52,None,tensor(0.),<bound method Expression.r2 of <Expression.Expression object at 0x7f61f03eb2e0>>
 Nguyen-5'_46_53,None,tensor(0.),<bound method Expression.r2 of <Expression.Expression object at 0x7f61d01596a0>>
 Nguyen-5'_46_54,None,tensor(0.),<bound method Expression.r2 of <Expression.Expression object at 0x7f61d0159250>>
 Nguyen-5'_46_55,None,tensor(0.),<bound method Expression.r2 of <Expression.Expression object at 0x7f61eb082820>>
 Nguyen-5'_46_56,None,tensor(0.),<bound method Expression.r2 of <Expression.Expression object at 0x7f61eb082fa0>>
 Nguyen-5'_46_57,x*(x + 1),tensor(0.0705),-172.67975465401133
 Nguyen-5'_46_58,x - atanh(x),tensor(0.0815),-125.90374370861254
 Nguyen-5'_46_59,None,tensor(0.),<bound method Expression.r2 of <Expression.Expression object at 0x7f61f02649d0>>
 Nguyen-5'_46_60,None,tensor(0.),<bound method Expression.r2 of <Expression.Expression object at 0x7f627016b580>>
 Nguyen-5'_46_61,x*(x + tan(4)),tensor(0.0700),-175.6385556252731
 Nguyen-5'_46_62,None,tensor(0.),<bound method Expression.r2 of <Expression.Expression object at 0x7f627016b6d0>>
 Nguyen-5'_46_63,-4*exp(x),tensor(0.0411),-544.5973936456957
 Nguyen-5'_46_64,None,tensor(0.),<bound method Expression.r2 of <Expression.Expression object at 0x7f61f030d580>>
 Nguyen-5'_46_65,None,tensor(0.),<bound method Expression.r2 of <Expression.Expression object at 0x7f61f02023a0>>
 Nguyen-5'_46_66,None,tensor(0.),<bound method Expression.r2 of <Expression.Expression object at 0x7f622809a730>>
 Nguyen-5'_46_67,None,tensor(0.),<bound method Expression.r2 of <Expression.Expression object at 0x7f622809a8e0>>
 Nguyen-5'_46_68,x*(2*x**2 + cos(x)),tensor(0.0742),-154.73509142665046
 Nguyen-5'_46_69,None,tensor(0.),<bound method Expression.r2 of <Expression.Expression object at 0x7f61d01842b0>>
 Nguyen-5'_46_70,None,tensor(0.),<bound method Expression.r2 of <Expression.Expression object at 0x7f62701972b0>>
 Nguyen-5'_46_71,None,tensor(0.),<bound method Expression.r2 of <Expression.Expression object at 0x7f61d01536a0>>
 Nguyen-5'_46_72,sqrt(x) + exp(x),tensor(0.),0
 Nguyen-5'_46_73,3*log(x)/2,tensor(0.),0
 Nguyen-5'_46_74,x**2 + 8*x,tensor(0.0315),-946.2569598036581
 Nguyen-5'_46_75,None,tensor(0.),<bound method Expression.r2 of <Expression.Expression object at 0x7f623003dc70>>
 Nguyen-5'_46_76,None,tensor(0.),<bound method Expression.r2 of <Expression.Expression object at 0x7f61f0283e20>>
 Nguyen-5'_46_77,None,tensor(0.),<bound method Expression.r2 of <Expression.Expression object at 0x7f61eb0820a0>>
 Nguyen-5'_46_78,None,tensor(0.),<bound method Expression.r2 of <Expression.Expression object at 0x7f61e80dfd00>>
 Nguyen-5'_46_79,log(x)/(2*x),tensor(0.),0
 Nguyen-5'_46_80,-x**2,tensor(0.0989),-81.996650164788
 Nguyen-5'_46_81,None,tensor(0.),<bound method Expression.r2 of <Expression.Expression object at 0x7f61f0250dc0>>
 Nguyen-5'_46_82,sin(x + 3),tensor(0.0749),-151.56302878268298
 Nguyen-5'_46_83,None,tensor(0.),<bound method Expression.r2 of <Expression.Expression object at 0x7f61d0153610>>
 Nguyen-5'_46_84,None,tensor(0.),<bound method Expression.r2 of <Expression.Expression object at 0x7f61e80ef310>>
 Nguyen-5'_46_85,-exp(1 - x),tensor(0.0602),-242.90300331552035
 Nguyen-5'_46_86,None,tensor(0.),<bound method Expression.r2 of <Expression.Expression object at 0x7f61eb1d5640>>
 Nguyen-5'_46_87,None,tensor(0.),<bound method Expression.r2 of <Expression.Expression object at 0x7f62700f5b20>>
 Nguyen-5'_46_88,None,tensor(0.),<bound method Expression.r2 of <Expression.Expression object at 0x7f62281f3c40>>
 Nguyen-5'_46_89,2*x**2 + x,tensor(0.0608),-237.6493620537447
 Nguyen-5'_46_90,None,tensor(0.),<bound method Expression.r2 of <Expression.Expression object at 0x7f61eb03e280>>
 Nguyen-5'_46_91,88*x,tensor(0.0031),-103343.71444847887
 Nguyen-5'_46_92,sinh(2*x)/4,tensor(0.0835),-119.55421442882597
 Nguyen-5'_46_93,None,tensor(0.),<bound method Expression.r2 of <Expression.Expression object at 0x7f61f02ee400>>
 Nguyen-5'_46_94,x**2 + (x - 2)*exp(x),tensor(0.2137),-12.543350510664668
 Nguyen-5'_46_95,None,tensor(0.),<bound method Expression.r2 of <Expression.Expression object at 0x7f62700f5760>>
 Nguyen-5'_46_96,None,tensor(0.),<bound method Expression.r2 of <Expression.Expression object at 0x7f62300afcd0>>
 Nguyen-5'_46_97,None,tensor(0.),<bound method Expression.r2 of <Expression.Expression object at 0x7f62300af370>>
 Nguyen-5'_46_98,log(x + 2),tensor(0.0632),-218.59127769286752
 Nguyen-5'_46_99,x**2 + x + 1,tensor(0.0496),-366.38628915824927
 Nguyen-5'_46_100,None,tensor(0.),<bound method Expression.r2 of <Expression.Expression object at 0x7f61eb17e520>>
 Nguyen-5'_46_101,x**4/8,tensor(0.0830),-120.9238172487364
 Nguyen-5'_46_102,10*exp(x),tensor(0.0111),-7982.855095846845
 Nguyen-5'_46_103,None,tensor(0.),<bound method Expression.r2 of <Expression.Expression object at 0x7f6278089ac0>>
 Nguyen-5'_46_104,-1/(2*x),tensor(0.0208),-2220.2901357054507
 Nguyen-5'_46_105,None,tensor(0.),<bound method Expression.r2 of <Expression.Expression object at 0x7f62301544f0>>
 Nguyen-5'_46_106,None,tensor(0.),<bound method Expression.r2 of <Expression.Expression object at 0x7f61f0541850>>
 Nguyen-5'_46_107,x**3*(x + 1)**2,tensor(0.0673),-190.99866923838482
 Nguyen-5'_46_108,None,tensor(0.),<bound method Expression.r2 of <Expression.Expression object at 0x7f61f04be730>>
 Nguyen-5'_46_109,None,tensor(0.),<bound method Expression.r2 of <Expression.Expression object at 0x7f622808aca0>>
 Nguyen-5'_46_110,None,tensor(0.),<bound method Expression.r2 of <Expression.Expression object at 0x7f622808ad90>>
 Nguyen-5'_46_111,None,tensor(0.),<bound method Expression.r2 of <Expression.Expression object at 0x7f61f03f0940>>
 Nguyen-5'_46_112,None,tensor(0.),<bound method Expression.r2 of <Expression.Expression object at 0x7f61eb1d5d60>>
 Nguyen-5'_46_113,None,tensor(0.),<bound method Expression.r2 of <Expression.Expression object at 0x7f61eb1d5730>>
 Nguyen-5'_46_114,None,tensor(0.),<bound method Expression.r2 of <Expression.Expression object at 0x7f61f03f00d0>>
 Nguyen-5'_46_115,exp(1 - 3*x),tensor(0.0087),-12856.359690055748
 Nguyen-5'_46_116,None,tensor(0.),<bound method Expression.r2 of <Expression.Expression object at 0x7f627009c4f0>>
 Nguyen-5'_46_117,x*sin(1),tensor(0.0830),-121.0995231052237
 Nguyen-5'_46_118,None,tensor(0.),<bound method Expression.r2 of <Expression.Expression object at 0x7f61d0196a60>>
 Nguyen-5'_46_119,x - cos(x),tensor(0.1334),-41.202427187248155
 Nguyen-5'_46_120,x*exp(-3),tensor(0.0842),-117.32094693491963
 Nguyen-5'_46_121,10*x**2,tensor(0.0264),-1363.2744578474194
 Nguyen-5'_46_122,x*exp(x + 3),tensor(0.0088),-12655.668361536056
 Nguyen-5'_46_123,None,tensor(0.),<bound method Expression.r2 of <Expression.Expression object at 0x7f61f02ee280>>
 Nguyen-5'_46_124,None,tensor(0.),<bound method Expression.r2 of <Expression.Expression object at 0x7f61f02eeb20>>
 Nguyen-5'_46_125,4*x*cos(x),tensor(0.0643),-210.72602987983913
 Nguyen-5'_46_126,None,tensor(0.),<bound method Expression.r2 of <Expression.Expression object at 0x7f61f03ebfd0>>
 Nguyen-5'_46_127,None,tensor(0.),<bound method Expression.r2 of <Expression.Expression object at 0x7f61f03eb130>>
 Nguyen-5'_47_0,sqrt(2)*tanh(2*x),tensor(0.0759),-147.22049623053405
 Nguyen-5'_47_1,x*cos(x) - x + log(x),tensor(0.),0
 Nguyen-5'_47_2,None,tensor(0.),<bound method Expression.r2 of <Expression.Expression object at 0x7f61f03e13a0>>
 Nguyen-5'_47_3,cos(x) - 2,tensor(0.1964),-15.738580159305723
 Nguyen-5'_47_4,2*x + 3*sin(x),tensor(0.0486),-381.64063294631126
 Nguyen-5'_47_5,2*x - log(cos(x)),tensor(0.0691),-180.68576980586178
 Nguyen-5'_47_6,x**2 + (x + 1)*exp(x),tensor(0.0404),-561.7939825537662
 Nguyen-5'_47_7,(x + 3)**2,tensor(0.0141),-4858.756945115373
 Nguyen-5'_47_8,zoo,tensor(0.),0
 Nguyen-5'_47_9,cos(2*x + 4),tensor(0.0948),-90.2093681722997
 Nguyen-5'_47_10,x**3*(x**4 + x),tensor(0.0760),-146.79336498615913
 Nguyen-5'_47_11,None,tensor(0.),<bound method Expression.r2 of <Expression.Expression object at 0x7f61eb07c280>>
 Nguyen-5'_47_12,None,tensor(0.),<bound method Expression.r2 of <Expression.Expression object at 0x7f61f036bee0>>
 Nguyen-5'_47_13,x*(x + exp(x)),tensor(0.0592),-251.10200373724774
 Nguyen-5'_47_14,None,tensor(0.),<bound method Expression.r2 of <Expression.Expression object at 0x7f61eb17e1c0>>
 Nguyen-5'_47_15,None,tensor(0.),<bound method Expression.r2 of <Expression.Expression object at 0x7f61eb0828b0>>
 Nguyen-5'_47_16,None,tensor(0.),<bound method Expression.r2 of <Expression.Expression object at 0x7f61eb0829a0>>
 Nguyen-5'_47_17,None,tensor(0.),<bound method Expression.r2 of <Expression.Expression object at 0x7f61f0210e80>>
 Nguyen-5'_47_18,None,tensor(0.),<bound method Expression.r2 of <Expression.Expression object at 0x7f61f0210640>>
 Nguyen-5'_47_19,None,tensor(0.),<bound method Expression.r2 of <Expression.Expression object at 0x7f61f03f0340>>
 Nguyen-5'_47_20,x**4,tensor(0.0758),-147.70892924657036
 Nguyen-5'_47_21,None,tensor(0.),<bound method Expression.r2 of <Expression.Expression object at 0x7f61eb082c10>>
 Nguyen-5'_47_22,None,tensor(0.),<bound method Expression.r2 of <Expression.Expression object at 0x7f627016bfd0>>
 Nguyen-5'_47_23,sqrt(x) + 4,tensor(0.),0
 Nguyen-5'_47_24,None,tensor(0.),<bound method Expression.r2 of <Expression.Expression object at 0x7f62280b7130>>
 Nguyen-5'_47_25,sin(2*x),tensor(0.0797),-132.51234115504562
 Nguyen-5'_47_26,None,tensor(0.),<bound method Expression.r2 of <Expression.Expression object at 0x7f61f056e310>>
 Nguyen-5'_47_27,-2*log(cos(x)),tensor(0.0697),-177.42062438345218
 Nguyen-5'_47_28,x**3/3 + sin(x),tensor(0.0815),-126.01554808805402
 Nguyen-5'_47_29,None,tensor(0.),<bound method Expression.r2 of <Expression.Expression object at 0x7f61f0174190>>
 Nguyen-5'_47_30,x*exp(x) + 3*x,tensor(0.0487),-380.4904752715413
 Nguyen-5'_47_31,x*(x + acos(sqrt(x))),tensor(0.),0
 Nguyen-5'_47_32,x*(x**3 + 2*x),tensor(0.0553),-290.3948622746864
 Nguyen-5'_47_33,-x**2/2 + x + cos(x),tensor(0.0614),-232.46000102584836
 Nguyen-5'_47_34,None,tensor(0.),<bound method Expression.r2 of <Expression.Expression object at 0x7f62300afd60>>
 Nguyen-5'_47_35,x**2 - 5*log(x),tensor(0.),0
 Nguyen-5'_47_36,None,tensor(0.),<bound method Expression.r2 of <Expression.Expression object at 0x7f62781f4e20>>
 Nguyen-5'_47_37,None,tensor(0.),<bound method Expression.r2 of <Expression.Expression object at 0x7f61f02eecd0>>
 Nguyen-5'_47_38,None,tensor(0.),<bound method Expression.r2 of <Expression.Expression object at 0x7f61eb1842b0>>
 Nguyen-5'_47_39,x*log(x)**2,tensor(0.),0
 Nguyen-5'_47_40,x/acos(-2*x),tensor(0.),0
 Nguyen-5'_47_41,None,tensor(0.),<bound method Expression.r2 of <Expression.Expression object at 0x7f6270139820>>
 Nguyen-5'_47_42,-2*x + exp(-x),tensor(0.0428),-499.0511228600903
 Nguyen-5'_47_43,None,tensor(0.),<bound method Expression.r2 of <Expression.Expression object at 0x7f61f02851f0>>
 Nguyen-5'_47_44,None,tensor(0.),<bound method Expression.r2 of <Expression.Expression object at 0x7f62780d75b0>>
 Nguyen-5'_47_45,-2*log(x),tensor(0.),0
 Nguyen-5'_47_46,None,tensor(0.),<bound method Expression.r2 of <Expression.Expression object at 0x7f622809aa60>>
 Nguyen-5'_47_47,None,tensor(0.),<bound method Expression.r2 of <Expression.Expression object at 0x7f622809a610>>
 Nguyen-5'_47_48,None,tensor(0.),<bound method Expression.r2 of <Expression.Expression object at 0x7f61f03ebc10>>
 Nguyen-5'_47_49,None,tensor(0.),<bound method Expression.r2 of <Expression.Expression object at 0x7f61f03eb460>>
 Nguyen-5'_47_50,-x,tensor(0.0781),-138.23677869483285
 Nguyen-5'_47_51,None,tensor(0.),<bound method Expression.r2 of <Expression.Expression object at 0x7f6270174700>>
 Nguyen-5'_47_52,sin(x + 4),tensor(0.1176),-55.278894604572955
 Nguyen-5'_47_53,None,tensor(0.),<bound method Expression.r2 of <Expression.Expression object at 0x7f61f03eb190>>
 Nguyen-5'_47_54,None,tensor(0.),<bound method Expression.r2 of <Expression.Expression object at 0x7f62281f40a0>>
 Nguyen-5'_47_55,None,tensor(0.),<bound method Expression.r2 of <Expression.Expression object at 0x7f61eb07c6a0>>
 Nguyen-5'_47_56,None,tensor(0.),<bound method Expression.r2 of <Expression.Expression object at 0x7f61eb07cfa0>>
 Nguyen-5'_47_57,None,tensor(0.),<bound method Expression.r2 of <Expression.Expression object at 0x7f61eb07c160>>
 Nguyen-5'_47_58,x*(x + sin(1)),tensor(0.0710),-170.38027665279958
 Nguyen-5'_47_59,None,tensor(0.),<bound method Expression.r2 of <Expression.Expression object at 0x7f62780edf70>>
 Nguyen-5'_47_60,x*(x**2 + x + 30),tensor(0.0089),-12417.817482647446
 Nguyen-5'_47_61,-exp(x) + sin(x),tensor(0.1940),-16.267861241969253
 Nguyen-5'_47_62,sin(x) + 4,tensor(0.0275),-1246.2645190519088
 Nguyen-5'_47_63,x**10*cos(2),tensor(0.0855),-113.37383437715079
 Nguyen-5'_47_64,22*x*(x**2 + x),tensor(0.0121),-6634.705123146045
 Nguyen-5'_47_65,None,tensor(0.),<bound method Expression.r2 of <Expression.Expression object at 0x7f61eb1b83a0>>
 Nguyen-5'_47_66,None,tensor(0.),<bound method Expression.r2 of <Expression.Expression object at 0x7f61d0159850>>
 Nguyen-5'_47_67,None,tensor(0.),<bound method Expression.r2 of <Expression.Expression object at 0x7f61d0159970>>
 Nguyen-5'_47_68,None,tensor(0.),<bound method Expression.r2 of <Expression.Expression object at 0x7f61d0159400>>
 Nguyen-5'_47_69,-2*x*cos(x) + 2*sin(x),tensor(0.0843),-116.86924370084004
 Nguyen-5'_47_70,None,tensor(0.),<bound method Expression.r2 of <Expression.Expression object at 0x7f61f0475d60>>
 Nguyen-5'_47_71,None,tensor(0.),<bound method Expression.r2 of <Expression.Expression object at 0x7f62280b79a0>>
 Nguyen-5'_47_72,None,tensor(0.),<bound method Expression.r2 of <Expression.Expression object at 0x7f6278089340>>
 Nguyen-5'_47_73,x*exp(x) + x + 2,tensor(0.0369),-680.0566136714062
 Nguyen-5'_47_74,x**2 + E*x,tensor(0.0604),-240.85389897844004
 Nguyen-5'_47_75,None,tensor(0.),<bound method Expression.r2 of <Expression.Expression object at 0x7f6278123bb0>>
 Nguyen-5'_47_76,None,tensor(0.),<bound method Expression.r2 of <Expression.Expression object at 0x7f6270134d00>>
 Nguyen-5'_47_77,None,tensor(0.),<bound method Expression.r2 of <Expression.Expression object at 0x7f6270134df0>>
 Nguyen-5'_47_78,None,tensor(0.),<bound method Expression.r2 of <Expression.Expression object at 0x7f6270134190>>
 Nguyen-5'_47_79,None,tensor(0.),<bound method Expression.r2 of <Expression.Expression object at 0x7f6270134130>>
 Nguyen-5'_47_80,log(x + 2),tensor(0.0632),-218.59127769286752
 Nguyen-5'_47_81,None,tensor(0.),<bound method Expression.r2 of <Expression.Expression object at 0x7f62281f31f0>>
 Nguyen-5'_47_82,None,tensor(0.),<bound method Expression.r2 of <Expression.Expression object at 0x7f61d0159220>>
 Nguyen-5'_47_83,None,tensor(0.),<bound method Expression.r2 of <Expression.Expression object at 0x7f62701390a0>>
 Nguyen-5'_47_84,None,tensor(0.),<bound method Expression.r2 of <Expression.Expression object at 0x7f62701395e0>>
 Nguyen-5'_47_85,None,tensor(0.),<bound method Expression.r2 of <Expression.Expression object at 0x7f6270139fa0>>
 Nguyen-5'_47_86,None,tensor(0.),<bound method Expression.r2 of <Expression.Expression object at 0x7f61eb082040>>
 Nguyen-5'_47_87,None,tensor(0.),<bound method Expression.r2 of <Expression.Expression object at 0x7f62701392e0>>
 Nguyen-5'_47_88,None,tensor(0.),<bound method Expression.r2 of <Expression.Expression object at 0x7f6270139b50>>
 Nguyen-5'_47_89,None,tensor(0.),<bound method Expression.r2 of <Expression.Expression object at 0x7f61eb082250>>
 Nguyen-5'_47_90,x**4/24,tensor(0.0837),-118.7228447338096
 Nguyen-5'_47_91,(x + 5)**2,tensor(0.0059),-27964.787449633775
 Nguyen-5'_47_92,None,tensor(0.),<bound method Expression.r2 of <Expression.Expression object at 0x7f61f03f0b20>>
 Nguyen-5'_47_93,None,tensor(0.),<bound method Expression.r2 of <Expression.Expression object at 0x7f61eb0b58e0>>
 Nguyen-5'_47_94,None,tensor(0.),<bound method Expression.r2 of <Expression.Expression object at 0x7f61eb0b52b0>>
 Nguyen-5'_47_95,None,tensor(0.),<bound method Expression.r2 of <Expression.Expression object at 0x7f61eb0b5670>>
 Nguyen-5'_47_96,3*x**2 + 3*x,tensor(0.0479),-393.64749165368505
 Nguyen-5'_47_97,2*sqrt(x) + x,tensor(0.),0
 Nguyen-5'_47_98,2*x - 2*cos(x),tensor(0.1211),-51.631340578567766
 Nguyen-5'_47_99,None,tensor(0.),<bound method Expression.r2 of <Expression.Expression object at 0x7f61eb17ef10>>
 Nguyen-5'_47_100,None,tensor(0.),<bound method Expression.r2 of <Expression.Expression object at 0x7f61eb03ea90>>
 Nguyen-5'_47_101,None,tensor(0.),<bound method Expression.r2 of <Expression.Expression object at 0x7f62780b5bb0>>
 Nguyen-5'_47_102,None,tensor(0.),<bound method Expression.r2 of <Expression.Expression object at 0x7f62780b58e0>>
 Nguyen-5'_47_103,None,tensor(0.),<bound method Expression.r2 of <Expression.Expression object at 0x7f62780b5d00>>
 Nguyen-5'_47_104,None,tensor(0.),<bound method Expression.r2 of <Expression.Expression object at 0x7f62780b55e0>>
 Nguyen-5'_47_105,x*(x + asinh(x)),tensor(0.0616),-231.2684859577615
 Nguyen-5'_47_106,None,tensor(0.),<bound method Expression.r2 of <Expression.Expression object at 0x7f6228182b80>>
 Nguyen-5'_47_107,None,tensor(0.),<bound method Expression.r2 of <Expression.Expression object at 0x7f62281828e0>>
 Nguyen-5'_47_108,x*(x + 5),tensor(0.0448),-453.7870032371668
 Nguyen-5'_47_109,None,tensor(0.),<bound method Expression.r2 of <Expression.Expression object at 0x7f62281824f0>>
 Nguyen-5'_47_110,-5*x**2 + x,tensor(0.0826),-122.35343130849266
 Nguyen-5'_47_111,x*(x + cos(4)),tensor(0.0689),-181.85168279986934
 Nguyen-5'_47_112,None,tensor(0.),<bound method Expression.r2 of <Expression.Expression object at 0x7f62300f2c70>>
 Nguyen-5'_47_113,None,tensor(0.),<bound method Expression.r2 of <Expression.Expression object at 0x7f62301baf10>>
 Nguyen-5'_47_114,None,tensor(0.),<bound method Expression.r2 of <Expression.Expression object at 0x7f61f0340f40>>
 Nguyen-5'_47_115,None,tensor(0.),<bound method Expression.r2 of <Expression.Expression object at 0x7f61f01742e0>>
 Nguyen-5'_47_116,None,tensor(0.),<bound method Expression.r2 of <Expression.Expression object at 0x7f62781dd8e0>>
 Nguyen-5'_47_117,None,tensor(0.),<bound method Expression.r2 of <Expression.Expression object at 0x7f62780d7160>>
 Nguyen-5'_47_118,x**2/25,tensor(0.0835),-119.40738336747505
 Nguyen-5'_47_119,3*x - 9,tensor(0.0208),-2205.709234314395
 Nguyen-5'_47_120,None,tensor(0.),<bound method Expression.r2 of <Expression.Expression object at 0x7f61f03f1490>>
 Nguyen-5'_47_121,None,tensor(0.),<bound method Expression.r2 of <Expression.Expression object at 0x7f62301b18b0>>
 Nguyen-5'_47_122,x - cos(x),tensor(0.1334),-41.202427187248155
 Nguyen-5'_47_123,None,tensor(0.),<bound method Expression.r2 of <Expression.Expression object at 0x7f6270161ac0>>
 Nguyen-5'_47_124,None,tensor(0.),<bound method Expression.r2 of <Expression.Expression object at 0x7f62701616d0>>
 Nguyen-5'_47_125,None,tensor(0.),<bound method Expression.r2 of <Expression.Expression object at 0x7f62300fd460>>
 Nguyen-5'_47_126,None,tensor(0.),<bound method Expression.r2 of <Expression.Expression object at 0x7f61f018f1c0>>
 Nguyen-5'_47_127,None,tensor(0.),<bound method Expression.r2 of <Expression.Expression object at 0x7f61d0184ac0>>
 Nguyen-5'_48_0,x**2/25,tensor(0.0835),-119.40738336747505
 Nguyen-5'_48_1,2*x + log(5),tensor(0.0447),-455.40513196190057
 Nguyen-5'_48_2,None,tensor(0.),<bound method Expression.r2 of <Expression.Expression object at 0x7f61eb0b5ca0>>
 Nguyen-5'_48_3,None,tensor(0.),<bound method Expression.r2 of <Expression.Expression object at 0x7f61f030d760>>
 Nguyen-5'_48_4,None,tensor(0.),<bound method Expression.r2 of <Expression.Expression object at 0x7f61eb17e5b0>>
 Nguyen-5'_48_5,2*x*log(x),tensor(0.),0
 Nguyen-5'_48_6,sin(x) - cos(x),tensor(0.1362),-39.18954372819287
 Nguyen-5'_48_7,sinh(x + 3),tensor(0.0110),-8020.909884225362
 Nguyen-5'_48_8,(x + cos(x))**2,tensor(0.0534),-313.4475023209606
 Nguyen-5'_48_9,x*(x + 1),tensor(0.0705),-172.67975465401133
 Nguyen-5'_48_10,None,tensor(0.),<bound method Expression.r2 of <Expression.Expression object at 0x7f62701d1ac0>>
 Nguyen-5'_48_11,None,tensor(0.),<bound method Expression.r2 of <Expression.Expression object at 0x7f62301b3dc0>>
 Nguyen-5'_48_12,1/(x + 1),tensor(0.0148),-4405.673285245321
 Nguyen-5'_48_13,None,tensor(0.),<bound method Expression.r2 of <Expression.Expression object at 0x7f61e80dfaf0>>
 Nguyen-5'_48_14,sqrt(x + 1),tensor(0.0567),-275.3295697824018
 Nguyen-5'_48_15,None,tensor(0.),<bound method Expression.r2 of <Expression.Expression object at 0x7f61d0159dc0>>
 Nguyen-5'_48_16,None,tensor(0.),<bound method Expression.r2 of <Expression.Expression object at 0x7f61f0210cd0>>
 Nguyen-5'_48_17,None,tensor(0.),<bound method Expression.r2 of <Expression.Expression object at 0x7f6270134b80>>
 Nguyen-5'_48_18,None,tensor(0.),<bound method Expression.r2 of <Expression.Expression object at 0x7f61f0174850>>
 Nguyen-5'_48_19,None,tensor(0.),<bound method Expression.r2 of <Expression.Expression object at 0x7f61eb1d5fd0>>
 Nguyen-5'_48_20,x + cos(x) - 2,tensor(0.1568),-27.908262938159734
 Nguyen-5'_48_21,None,tensor(0.),<bound method Expression.r2 of <Expression.Expression object at 0x7f61d0184580>>
 Nguyen-5'_48_22,3*x,tensor(0.0635),-216.80726834414003
 Nguyen-5'_48_23,None,tensor(0.),<bound method Expression.r2 of <Expression.Expression object at 0x7f61eb1b8340>>
 Nguyen-5'_48_24,None,tensor(0.),<bound method Expression.r2 of <Expression.Expression object at 0x7f62700ecb80>>
 Nguyen-5'_48_25,2*sqrt(x) + x,tensor(0.),0
 Nguyen-5'_48_26,3*x**2/2,tensor(0.0657),-201.42970971146576
 Nguyen-5'_48_27,3*x + 2,tensor(0.0389),-608.2672740132348
 Nguyen-5'_48_28,10,tensor(0.),0
 Nguyen-5'_48_29,-sqrt(x)/7,tensor(0.),0
 Nguyen-5'_48_30,None,tensor(0.),<bound method Expression.r2 of <Expression.Expression object at 0x7f62300af190>>
 Nguyen-5'_48_31,None,tensor(0.),<bound method Expression.r2 of <Expression.Expression object at 0x7f62300af970>>
 Nguyen-5'_48_32,None,tensor(0.),<bound method Expression.r2 of <Expression.Expression object at 0x7f61eb082d60>>
 Nguyen-5'_48_33,None,tensor(0.),<bound method Expression.r2 of <Expression.Expression object at 0x7f61eb082580>>
 Nguyen-5'_48_34,None,tensor(0.),<bound method Expression.r2 of <Expression.Expression object at 0x7f61eb082490>>
 Nguyen-5'_48_35,None,tensor(0.),<bound method Expression.r2 of <Expression.Expression object at 0x7f61eb082fd0>>
 Nguyen-5'_48_36,None,tensor(0.),<bound method Expression.r2 of <Expression.Expression object at 0x7f61eb082d90>>
 Nguyen-5'_48_37,x + cos(3),tensor(0.1459),-33.29631255162422
 Nguyen-5'_48_38,None,tensor(0.),<bound method Expression.r2 of <Expression.Expression object at 0x7f62780b5790>>
 Nguyen-5'_48_39,None,tensor(0.),<bound method Expression.r2 of <Expression.Expression object at 0x7f62780b5fa0>>
 Nguyen-5'_48_40,None,tensor(0.),<bound method Expression.r2 of <Expression.Expression object at 0x7f62780b5c10>>
 Nguyen-5'_48_41,None,tensor(0.),<bound method Expression.r2 of <Expression.Expression object at 0x7f62780b52b0>>
 Nguyen-5'_48_42,x + sin(acosh(x)),tensor(0.),0
 Nguyen-5'_48_43,x*exp(2),tensor(0.0342),-796.8283060926831
 Nguyen-5'_48_44,log(x)/5,tensor(0.),0
 Nguyen-5'_48_45,2*x - 1,tensor(0.1059),-70.3324544953188
 Nguyen-5'_48_46,None,tensor(0.),<bound method Expression.r2 of <Expression.Expression object at 0x7f61d01847f0>>
 Nguyen-5'_48_47,None,tensor(0.),<bound method Expression.r2 of <Expression.Expression object at 0x7f62780ed9a0>>
 Nguyen-5'_48_48,None,tensor(0.),<bound method Expression.r2 of <Expression.Expression object at 0x7f61f02eea90>>
 Nguyen-5'_48_49,x*(sin(x) + cosh(x)),tensor(0.0703),-173.84920942647534
 Nguyen-5'_48_50,None,tensor(0.),<bound method Expression.r2 of <Expression.Expression object at 0x7f627016b490>>
 Nguyen-5'_48_51,x*(3*x + 4),tensor(0.0440),-471.31284322335665
 Nguyen-5'_48_52,None,tensor(0.),<bound method Expression.r2 of <Expression.Expression object at 0x7f62780d8730>>
 Nguyen-5'_48_53,None,tensor(0.),<bound method Expression.r2 of <Expression.Expression object at 0x7f61f03f0a00>>
 Nguyen-5'_48_54,None,tensor(0.),<bound method Expression.r2 of <Expression.Expression object at 0x7f61f02028b0>>
 Nguyen-5'_48_55,sqrt(4 - x),tensor(0.0412),-539.5895258967581
 Nguyen-5'_48_56,1/8,tensor(0.),0
 Nguyen-5'_48_57,2*x - 2,tensor(0.1139),-59.50159115914159
 Nguyen-5'_48_58,None,tensor(0.),<bound method Expression.r2 of <Expression.Expression object at 0x7f62700f5f70>>
 Nguyen-5'_48_59,exp(x) + 5,tensor(0.0201),-2368.7599822864076
 Nguyen-5'_48_60,None,tensor(0.),<bound method Expression.r2 of <Expression.Expression object at 0x7f61eb1df520>>
 Nguyen-5'_48_61,None,tensor(0.),<bound method Expression.r2 of <Expression.Expression object at 0x7f61eb07cc40>>
 Nguyen-5'_48_62,None,tensor(0.),<bound method Expression.r2 of <Expression.Expression object at 0x7f61eb07c2b0>>
 Nguyen-5'_48_63,None,tensor(0.),<bound method Expression.r2 of <Expression.Expression object at 0x7f61eb082a00>>
 Nguyen-5'_48_64,-log(x)/2,tensor(0.),0
 Nguyen-5'_48_65,x - exp(x),tensor(0.1966),-15.702024132248258
 Nguyen-5'_48_66,x*(x - cos(x)),tensor(0.0686),-183.46681749164205
 Nguyen-5'_48_67,None,tensor(0.),<bound method Expression.r2 of <Expression.Expression object at 0x7f61f0285a30>>
 Nguyen-5'_48_68,2*cos(2*x + 2),tensor(0.0709),-170.86953598518932
 Nguyen-5'_48_69,x**2 + cosh(x),tensor(0.0467),-415.5932198519577
 Nguyen-5'_48_70,None,tensor(0.),<bound method Expression.r2 of <Expression.Expression object at 0x7f61eb0b6670>>
 Nguyen-5'_48_71,x*(x + 3),tensor(0.0583),-259.5877560638511
 Nguyen-5'_48_72,None,tensor(0.),<bound method Expression.r2 of <Expression.Expression object at 0x7f62701617c0>>
 Nguyen-5'_48_73,None,tensor(0.),<bound method Expression.r2 of <Expression.Expression object at 0x7f61eb0b5ee0>>
 Nguyen-5'_48_74,None,tensor(0.),<bound method Expression.r2 of <Expression.Expression object at 0x7f61eb03e2e0>>
 Nguyen-5'_48_75,None,tensor(0.),<bound method Expression.r2 of <Expression.Expression object at 0x7f61d0153e50>>
 Nguyen-5'_48_76,x - cos(x),tensor(0.1334),-41.202427187248155
 Nguyen-5'_48_77,None,tensor(0.),<bound method Expression.r2 of <Expression.Expression object at 0x7f62701e5970>>
 Nguyen-5'_48_78,None,tensor(0.),<bound method Expression.r2 of <Expression.Expression object at 0x7f61f0285c70>>
 Nguyen-5'_48_79,None,tensor(0.),<bound method Expression.r2 of <Expression.Expression object at 0x7f61f0475ca0>>
 Nguyen-5'_48_80,None,tensor(0.),<bound method Expression.r2 of <Expression.Expression object at 0x7f62300575e0>>
 Nguyen-5'_48_81,None,tensor(0.),<bound method Expression.r2 of <Expression.Expression object at 0x7f61eb184250>>
 Nguyen-5'_48_82,sqrt(x) + acosh(x),tensor(0.),0
 Nguyen-5'_48_83,3*x*tan(5),tensor(0.0246),-1569.8390171565793
 Nguyen-5'_48_84,None,tensor(0.),<bound method Expression.r2 of <Expression.Expression object at 0x7f62300fd280>>
 Nguyen-5'_48_85,None,tensor(0.),<bound method Expression.r2 of <Expression.Expression object at 0x7f61f04b7910>>
 Nguyen-5'_48_86,5/(x*sin(x)),tensor(2.5673e-05),-1517078319.3394592
 Nguyen-5'_48_87,3*exp(2*x)/2,tensor(0.0310),-973.8037033989576
 Nguyen-5'_48_88,log(4*x**5),tensor(0.),0
 Nguyen-5'_48_89,None,tensor(0.),<bound method Expression.r2 of <Expression.Expression object at 0x7f61d01963a0>>
 Nguyen-5'_48_90,None,tensor(0.),<bound method Expression.r2 of <Expression.Expression object at 0x7f62280f5b80>>
 Nguyen-5'_48_91,5*x/2,tensor(0.0686),-183.51599712721625
 Nguyen-5'_48_92,None,tensor(0.),<bound method Expression.r2 of <Expression.Expression object at 0x7f61f0297310>>
 Nguyen-5'_48_93,None,tensor(0.),<bound method Expression.r2 of <Expression.Expression object at 0x7f62780d89d0>>
 Nguyen-5'_48_94,None,tensor(0.),<bound method Expression.r2 of <Expression.Expression object at 0x7f61f054d250>>
 Nguyen-5'_48_95,9*x**4,tensor(0.0363),-703.7581821579116
 Nguyen-5'_48_96,None,tensor(0.),<bound method Expression.r2 of <Expression.Expression object at 0x7f61f0210310>>
 Nguyen-5'_48_97,None,tensor(0.),<bound method Expression.r2 of <Expression.Expression object at 0x7f6228182070>>
 Nguyen-5'_48_98,2*x*sin(x) - cos(x),tensor(0.0899),-101.5783560636052
 Nguyen-5'_48_99,x/(x**2 + x),tensor(0.0148),-4405.673285245325
 Nguyen-5'_48_100,None,tensor(0.),<bound method Expression.r2 of <Expression.Expression object at 0x7f62780b5130>>
 Nguyen-5'_48_101,x**2 + 2*x + cosh(x),tensor(0.0456),-436.62650974313095
 Nguyen-5'_48_102,None,tensor(0.),<bound method Expression.r2 of <Expression.Expression object at 0x7f61d01537c0>>
 Nguyen-5'_48_103,None,tensor(0.),<bound method Expression.r2 of <Expression.Expression object at 0x7f61f02ee9d0>>
 Nguyen-5'_48_104,None,tensor(0.),<bound method Expression.r2 of <Expression.Expression object at 0x7f61f02ee490>>
 Nguyen-5'_48_105,x*tan(5),tensor(0.0549),-295.1818788083858
 Nguyen-5'_48_106,log(6)/x**4,tensor(7.3739e-09),-1.8391029947504504e+16
 Nguyen-5'_48_107,sin(x) + cos(x),tensor(0.0584),-259.03875768885496
 Nguyen-5'_48_108,None,tensor(0.),<bound method Expression.r2 of <Expression.Expression object at 0x7f61eb082cd0>>
 Nguyen-5'_48_109,None,tensor(0.),<bound method Expression.r2 of <Expression.Expression object at 0x7f61f0254670>>
 Nguyen-5'_48_110,None,tensor(0.),<bound method Expression.r2 of <Expression.Expression object at 0x7f62700ec370>>
 Nguyen-5'_48_111,None,tensor(0.),<bound method Expression.r2 of <Expression.Expression object at 0x7f61f0254d90>>
 Nguyen-5'_48_112,2*x**3*(x + 1),tensor(0.0669),-193.7205338507036
 Nguyen-5'_48_113,None,tensor(0.),<bound method Expression.r2 of <Expression.Expression object at 0x7f61f02542b0>>
 Nguyen-5'_48_114,8*x + 4,tensor(0.0223),-1914.149335936285
 Nguyen-5'_48_115,None,tensor(0.),<bound method Expression.r2 of <Expression.Expression object at 0x7f61eb082af0>>
 Nguyen-5'_48_116,None,tensor(0.),<bound method Expression.r2 of <Expression.Expression object at 0x7f62780b5b20>>
 Nguyen-5'_48_117,None,tensor(0.),<bound method Expression.r2 of <Expression.Expression object at 0x7f62780b5520>>
 Nguyen-5'_48_118,None,tensor(0.),<bound method Expression.r2 of <Expression.Expression object at 0x7f62780b5700>>
 Nguyen-5'_48_119,None,tensor(0.),<bound method Expression.r2 of <Expression.Expression object at 0x7f62780b52e0>>
 Nguyen-5'_48_120,x + tan(1),tensor(0.0466),-416.6695349208752
 Nguyen-5'_48_121,None,tensor(0.),<bound method Expression.r2 of <Expression.Expression object at 0x7f627016b790>>
 Nguyen-5'_48_122,None,tensor(0.),<bound method Expression.r2 of <Expression.Expression object at 0x7f61f02ee850>>
 Nguyen-5'_48_123,None,tensor(0.),<bound method Expression.r2 of <Expression.Expression object at 0x7f61f03ebeb0>>
 Nguyen-5'_48_124,None,tensor(0.),<bound method Expression.r2 of <Expression.Expression object at 0x7f61f03eba30>>
 Nguyen-5'_48_125,None,tensor(0.),<bound method Expression.r2 of <Expression.Expression object at 0x7f61f03eb550>>
 Nguyen-5'_48_126,-x**6/18,tensor(0.0844),-116.6557124036067
 Nguyen-5'_48_127,None,tensor(0.),<bound method Expression.r2 of <Expression.Expression object at 0x7f62700ecf10>>
 Nguyen-5'_49_0,None,tensor(0.),<bound method Expression.r2 of <Expression.Expression object at 0x7f62700f5af0>>
 Nguyen-5'_49_1,None,tensor(0.),<bound method Expression.r2 of <Expression.Expression object at 0x7f62700f5c70>>
 Nguyen-5'_49_2,None,tensor(0.),<bound method Expression.r2 of <Expression.Expression object at 0x7f61eb0b6550>>
 Nguyen-5'_49_3,None,tensor(0.),<bound method Expression.r2 of <Expression.Expression object at 0x7f61eb09b820>>
 Nguyen-5'_49_4,None,tensor(0.),<bound method Expression.r2 of <Expression.Expression object at 0x7f61eb09b970>>
 Nguyen-5'_49_5,x*(3*x**2 + x),tensor(0.0658),-200.3554099230375
 Nguyen-5'_49_6,4*x*(x + 4),tensor(0.0165),-3547.6069713897336
 Nguyen-5'_49_7,None,tensor(0.),<bound method Expression.r2 of <Expression.Expression object at 0x7f61b00e5370>>
 Nguyen-5'_49_8,4*x**2,tensor(0.0464),-421.9018529048344
 Nguyen-5'_49_9,None,tensor(0.),<bound method Expression.r2 of <Expression.Expression object at 0x7f62780688e0>>
 Nguyen-5'_49_10,None,tensor(0.),<bound method Expression.r2 of <Expression.Expression object at 0x7f62780fe250>>
 Nguyen-5'_49_11,None,tensor(0.),<bound method Expression.r2 of <Expression.Expression object at 0x7f61eb09b910>>
 Nguyen-5'_49_12,None,tensor(0.),<bound method Expression.r2 of <Expression.Expression object at 0x7f6278108a90>>
 Nguyen-5'_49_13,None,tensor(0.),<bound method Expression.r2 of <Expression.Expression object at 0x7f62701b8f10>>
 Nguyen-5'_49_14,None,tensor(0.),<bound method Expression.r2 of <Expression.Expression object at 0x7f627011f700>>
 Nguyen-5'_49_15,None,tensor(0.),<bound method Expression.r2 of <Expression.Expression object at 0x7f6278108dc0>>
 Nguyen-5'_49_16,None,tensor(0.),<bound method Expression.r2 of <Expression.Expression object at 0x7f62281336d0>>
 Nguyen-5'_49_17,None,tensor(0.),<bound method Expression.r2 of <Expression.Expression object at 0x7f62700f5550>>
 Nguyen-5'_49_18,2*x*sin(5) + x,tensor(0.0788),-135.533894589992
 Nguyen-5'_49_19,None,tensor(0.),<bound method Expression.r2 of <Expression.Expression object at 0x7f61f03949d0>>
 Nguyen-5'_49_20,None,tensor(0.),<bound method Expression.r2 of <Expression.Expression object at 0x7f627018d640>>
 Nguyen-5'_49_21,5*log(x),tensor(0.),0
 Nguyen-5'_49_22,None,tensor(0.),<bound method Expression.r2 of <Expression.Expression object at 0x7f623008bf70>>
 Nguyen-5'_49_23,None,tensor(0.),<bound method Expression.r2 of <Expression.Expression object at 0x7f62780d85e0>>
 Nguyen-5'_49_24,(x + 2)/x,tensor(0.0055),-32283.61199418953
 Nguyen-5'_49_25,None,tensor(0.),<bound method Expression.r2 of <Expression.Expression object at 0x7f62700f5970>>
 Nguyen-5'_49_26,None,tensor(0.),<bound method Expression.r2 of <Expression.Expression object at 0x7f61b00e5460>>
 Nguyen-5'_49_27,None,tensor(0.),<bound method Expression.r2 of <Expression.Expression object at 0x7f61b00e5190>>
 Nguyen-5'_49_28,None,tensor(0.),<bound method Expression.r2 of <Expression.Expression object at 0x7f61b00e5430>>
 Nguyen-5'_49_29,3*x + exp(x),tensor(0.0428),-499.5896331062579
 Nguyen-5'_49_30,None,tensor(0.),<bound method Expression.r2 of <Expression.Expression object at 0x7f62701341f0>>
 Nguyen-5'_49_31,None,tensor(0.),<bound method Expression.r2 of <Expression.Expression object at 0x7f6270134340>>
 Nguyen-5'_49_32,3*log(x) - cos(x),tensor(0.),0
 Nguyen-5'_49_33,2/x,tensor(0.0055),-32264.618163529954
 Nguyen-5'_49_34,None,tensor(0.),<bound method Expression.r2 of <Expression.Expression object at 0x7f61eb03ea00>>
 Nguyen-5'_49_35,None,tensor(0.),<bound method Expression.r2 of <Expression.Expression object at 0x7f61f04ee4f0>>
 Nguyen-5'_49_36,None,tensor(0.),<bound method Expression.r2 of <Expression.Expression object at 0x7f61f0340250>>
 Nguyen-5'_49_37,None,tensor(0.),<bound method Expression.r2 of <Expression.Expression object at 0x7f61f0340af0>>
 Nguyen-5'_49_38,None,tensor(0.),<bound method Expression.r2 of <Expression.Expression object at 0x7f61f03f0100>>
 Nguyen-5'_49_39,None,tensor(0.),<bound method Expression.r2 of <Expression.Expression object at 0x7f61f03f0490>>
 Nguyen-5'_49_40,2*x**2*exp(x),tensor(0.0545),-299.5304756798973
 Nguyen-5'_49_41,None,tensor(0.),<bound method Expression.r2 of <Expression.Expression object at 0x7f61b00dd760>>
 Nguyen-5'_49_42,x**3 + 5*x/2,tensor(0.0624),-224.89729230888335
 Nguyen-5'_49_43,None,tensor(0.),<bound method Expression.r2 of <Expression.Expression object at 0x7f62780d7e50>>
 Nguyen-5'_49_44,x**2*asin(x),tensor(0.0831),-120.785294719012
 Nguyen-5'_49_45,x**2*asin(x),tensor(0.0831),-120.785294719012
 Nguyen-5'_49_46,None,tensor(0.),<bound method Expression.r2 of <Expression.Expression object at 0x7f62281f3df0>>
 Nguyen-5'_49_47,None,tensor(0.),<bound method Expression.r2 of <Expression.Expression object at 0x7f61e80ef670>>
 Nguyen-5'_49_48,x*(x + cos(x)) + x,tensor(0.0672),-191.9810077677246
 Nguyen-5'_49_49,x*sin(2*x) + x,tensor(0.0675),-189.76886219457884
 Nguyen-5'_49_50,None,tensor(0.),<bound method Expression.r2 of <Expression.Expression object at 0x7f62301b3460>>
 Nguyen-5'_49_51,None,tensor(0.),<bound method Expression.r2 of <Expression.Expression object at 0x7f62301b3160>>
 Nguyen-5'_49_52,x*sin(x),tensor(0.0723),-163.60335326
 Nguyen-5'_49_53,(x + log(x))/x,tensor(0.),0
 Nguyen-5'_49_54,None,tensor(0.),<bound method Expression.r2 of <Expression.Expression object at 0x7f61d0159190>>
 Nguyen-5'_49_55,None,tensor(0.),<bound method Expression.r2 of <Expression.Expression object at 0x7f62301b35b0>>
 Nguyen-5'_49_56,None,tensor(0.),<bound method Expression.r2 of <Expression.Expression object at 0x7f62301b37f0>>
 Nguyen-5'_49_57,None,tensor(0.),<bound method Expression.r2 of <Expression.Expression object at 0x7f6228182e80>>
 Nguyen-5'_49_58,None,tensor(0.),<bound method Expression.r2 of <Expression.Expression object at 0x7f61f056ef40>>
 Nguyen-5'_49_59,0,tensor(0.),0
 Nguyen-5'_49_60,None,tensor(0.),<bound method Expression.r2 of <Expression.Expression object at 0x7f627009c7c0>>
 Nguyen-5'_49_61,None,tensor(0.),<bound method Expression.r2 of <Expression.Expression object at 0x7f61d0153460>>
 Nguyen-5'_49_62,None,tensor(0.),<bound method Expression.r2 of <Expression.Expression object at 0x7f61d0153cd0>>
 Nguyen-5'_49_63,None,tensor(0.),<bound method Expression.r2 of <Expression.Expression object at 0x7f61d0153670>>
 Nguyen-5'_49_64,3*x/2,tensor(0.0784),-137.0505632740205
 Nguyen-5'_49_65,x**3*(x - 1),tensor(0.0731),-159.73669445440592
 Nguyen-5'_49_66,None,tensor(0.),<bound method Expression.r2 of <Expression.Expression object at 0x7f61eb082b50>>
 Nguyen-5'_49_67,None,tensor(0.),<bound method Expression.r2 of <Expression.Expression object at 0x7f61f0340c10>>
 Nguyen-5'_49_68,None,tensor(0.),<bound method Expression.r2 of <Expression.Expression object at 0x7f62700eb6a0>>
 Nguyen-5'_49_69,None,tensor(0.),<bound method Expression.r2 of <Expression.Expression object at 0x7f62780b57c0>>
 Nguyen-5'_49_70,None,tensor(0.),<bound method Expression.r2 of <Expression.Expression object at 0x7f62780b5760>>
 Nguyen-5'_49_71,x*(x*(x + 4) + x),tensor(0.0416),-528.7861414434441
 Nguyen-5'_49_72,tanh(x + 4),tensor(0.0555),-288.7686975456825
 Nguyen-5'_49_73,None,tensor(0.),<bound method Expression.r2 of <Expression.Expression object at 0x7f61f04eea30>>
 Nguyen-5'_49_74,x + cos(x),tensor(0.0582),-260.4016135745738
 Nguyen-5'_49_75,x**2 + x + 1,tensor(0.0496),-366.38628915824927
 Nguyen-5'_49_76,None,tensor(0.),<bound method Expression.r2 of <Expression.Expression object at 0x7f623017d490>>
 Nguyen-5'_49_77,None,tensor(0.),<bound method Expression.r2 of <Expression.Expression object at 0x7f61eb1844f0>>
 Nguyen-5'_49_78,None,tensor(0.),<bound method Expression.r2 of <Expression.Expression object at 0x7f62780d8dc0>>
 Nguyen-5'_49_79,x*(x + 4),tensor(0.0511),-343.2759739300745
 Nguyen-5'_49_80,x*(x + 1) + x,tensor(0.0655),-202.72234963849672
 Nguyen-5'_49_81,None,tensor(0.),<bound method Expression.r2 of <Expression.Expression object at 0x7f61f03aff70>>
 Nguyen-5'_49_82,None,tensor(0.),<bound method Expression.r2 of <Expression.Expression object at 0x7f61b00c5b80>>
 Nguyen-5'_49_83,x*cos(asinh(x)),tensor(0.0833),-120.23441456556299
 Nguyen-5'_49_84,x*(x**4 + 2*x),tensor(0.0612),-234.5366975891525
 Nguyen-5'_49_85,8*x,tensor(0.0319),-918.5336378253264
 Nguyen-5'_49_86,None,tensor(0.),<bound method Expression.r2 of <Expression.Expression object at 0x7f61b00c5340>>
 Nguyen-5'_49_87,None,tensor(0.),<bound method Expression.r2 of <Expression.Expression object at 0x7f61b00e5cd0>>
 Nguyen-5'_49_88,None,tensor(0.),<bound method Expression.r2 of <Expression.Expression object at 0x7f61b00e53d0>>
 Nguyen-5'_49_89,2*exp(x) + sin(x),tensor(0.0360),-716.8551748185996
 Nguyen-5'_49_90,None,tensor(0.),<bound method Expression.r2 of <Expression.Expression object at 0x7f61b00dd340>>
 Nguyen-5'_49_91,None,tensor(0.),<bound method Expression.r2 of <Expression.Expression object at 0x7f61b00dde20>>
 Nguyen-5'_49_92,None,tensor(0.),<bound method Expression.r2 of <Expression.Expression object at 0x7f61b00ddf10>>
 Nguyen-5'_49_93,x**2 + sin(x),tensor(0.0708),-171.33125306988157
 Nguyen-5'_49_94,None,tensor(0.),<bound method Expression.r2 of <Expression.Expression object at 0x7f61d0017b20>>
 Nguyen-5'_49_95,None,tensor(0.),<bound method Expression.r2 of <Expression.Expression object at 0x7f61d0017850>>
 Nguyen-5'_49_96,atan(x),tensor(0.0829),-121.45259020917979
 Nguyen-5'_49_97,None,tensor(0.),<bound method Expression.r2 of <Expression.Expression object at 0x7f61d0017250>>
 Nguyen-5'_49_98,None,tensor(0.),<bound method Expression.r2 of <Expression.Expression object at 0x7f61d0017c40>>
 Nguyen-5'_49_99,None,tensor(0.),<bound method Expression.r2 of <Expression.Expression object at 0x7f61d0017880>>
 Nguyen-5'_49_100,None,tensor(0.),<bound method Expression.r2 of <Expression.Expression object at 0x7f61d0017730>>
 Nguyen-5'_49_101,None,tensor(0.),<bound method Expression.r2 of <Expression.Expression object at 0x7f61d0017f10>>
 Nguyen-5'_49_102,None,tensor(0.),<bound method Expression.r2 of <Expression.Expression object at 0x7f61d0017ee0>>
 Nguyen-5'_49_103,None,tensor(0.),<bound method Expression.r2 of <Expression.Expression object at 0x7f61d00178e0>>
 Nguyen-5'_49_104,None,tensor(0.),<bound method Expression.r2 of <Expression.Expression object at 0x7f61d0017160>>
 Nguyen-5'_49_105,4*log(x),tensor(0.),0
 Nguyen-5'_49_106,None,tensor(0.),<bound method Expression.r2 of <Expression.Expression object at 0x7f61d0017610>>
 Nguyen-5'_49_107,x*tan(3),tensor(0.0837),-118.94120835625283
 Nguyen-5'_49_108,None,tensor(0.),<bound method Expression.r2 of <Expression.Expression object at 0x7f62301ba9d0>>
 Nguyen-5'_49_109,None,tensor(0.),<bound method Expression.r2 of <Expression.Expression object at 0x7f6270175e80>>
 Nguyen-5'_49_110,None,tensor(0.),<bound method Expression.r2 of <Expression.Expression object at 0x7f61f04a2ac0>>
 Nguyen-5'_49_111,None,tensor(0.),<bound method Expression.r2 of <Expression.Expression object at 0x7f61e80ea610>>
 Nguyen-5'_49_112,x*(sqrt(x) + x),tensor(0.),0
 Nguyen-5'_49_113,None,tensor(0.),<bound method Expression.r2 of <Expression.Expression object at 0x7f6270139c40>>
 Nguyen-5'_49_114,None,tensor(0.),<bound method Expression.r2 of <Expression.Expression object at 0x7f61eb09bf10>>
 Nguyen-5'_49_115,4 - x,tensor(0.0270),-1296.5234393757055
 Nguyen-5'_49_116,None,tensor(0.),<bound method Expression.r2 of <Expression.Expression object at 0x7f61f02644f0>>
 Nguyen-5'_49_117,x*(acosh(x) + 4),tensor(0.),0
 Nguyen-5'_49_118,None,tensor(0.),<bound method Expression.r2 of <Expression.Expression object at 0x7f61d0017340>>
 Nguyen-5'_49_119,None,tensor(0.),<bound method Expression.r2 of <Expression.Expression object at 0x7f62701b8970>>
 Nguyen-5'_49_120,None,tensor(0.),<bound method Expression.r2 of <Expression.Expression object at 0x7f61eb1f7b20>>
 Nguyen-5'_49_121,None,tensor(0.),<bound method Expression.r2 of <Expression.Expression object at 0x7f61f030dac0>>
 Nguyen-5'_49_122,None,tensor(0.),<bound method Expression.r2 of <Expression.Expression object at 0x7f61f030d730>>
 Nguyen-5'_49_123,sqrt(x) - sin(x),tensor(0.),0
 Nguyen-5'_49_124,None,tensor(0.),<bound method Expression.r2 of <Expression.Expression object at 0x7f62780d86a0>>
 Nguyen-5'_49_125,x**4/6,tensor(0.0827),-122.04712897570968
 Nguyen-5'_49_126,None,tensor(0.),<bound method Expression.r2 of <Expression.Expression object at 0x7f62701ae0d0>>
 Nguyen-5'_49_127,None,tensor(0.),<bound method Expression.r2 of <Expression.Expression object at 0x7f622810daf0>>
